%%MatrixMarket matrix coordinate real general
730 730 63024
1 1 0.634888
1 5 -0.0106662
1 6 -0.00551971
1 7 0.0189871
1 8 -0.012963
1 9 -0.0123278
1 10 -0.00465875
1 11 0.0236232
1 12 -0.00492255
1 13 0.156278
1 14 -0.0110183
1 15 0.199406
1 16 -0.0970933
1 201 0.143394
1 202 -0.0247249
1 203 -0.179173
1 204 -0.141404
1 209 0.144229
1 210 0.0738977
1 211 -0.0250118
1 212 0.214066
1 213 -0.0222343
1 214 0.00546676
1 215 -0.00414321
1 216 0.032079
1 221 -0.0217631
1 222 -0.0069137
1 223 -0.025527
1 224 -0.0132388
1 625 -0.0397861
1 627 -0.0478209
1 2 0.00419848
1 4 -0.00417547
1 25 0.0126919
1 27 -0.0155546
1 28 -0.00830621
1 205 -0.0178397
1 206 -0.0070188
1 207 0.0133045
1 208 -0.00399487
1 49 0.0133553
1 50 0.00852527
1 52 0.0176247
1 17 0.0123022
1 20 -0.00687833
1 21 0.011852
1 23 0.0181846
1 628 -0.0129113
1 630 -0.0175519
1 51 -0.00656115
1 19 0.0188396
1 22 0.00153255
1 24 -0.00927539
1 30 -0.00595115
1 32 0.00202971
1 47 -0.00282911
1 29 -0.00359192
1 54 0.00581787
1 71 -0.00470278
1 72 -0.00210832
1 73 -0.00484395
1 76 0.00654321
1 97 -0.00447396
1 100 -0.00301977
1 45 -0.00153087
1 137 -0.00112187
1 138 0.00100635
1 56 -0.00451466
1 18 -0.00267296
1 99 -0.00652848
1 48 0.00368007
1 626 0.0028401
1 44 -0.00183231
1 124 -0.00107705
1 53 -0.00331965
1 55 0.00132155
1 69 -0.00165211
1 68 0.00279221
1 75 -0.00210048
1 629 0.00683963
1 31 0.0012347
1 33 0.00169424
1 35 -0.0021158
1 36 -0.00195614
1 43 -0.00104691
1 60 0.00306695
1 42 0.00124517
1 57 0.00201784
1 157 -0.0012063
1 159 -0.00139356
1 65 0.0013728
1 144 0.00125508
1 79 -0.00204284
1 94 -0.00408018
1 102 0.00398368
1 78 -0.00250802
1 93 0.00183981
1 118 0.00212114
1 120 0.00118276
1 101 0.00175566
1 70 0.00239023
1 40 -0.00181666
1 64 0.00111965
1 147 0.00100477
1 92 0.00124582
1 119 -0.00109748
1 139 -0.0012965
1 38 0.00203398
1 160 0.00113166
1 63 0.00251691
1 326 -0.00106623
1 422 0.00108197
1 87 0.00156404
1 39 0.00172012
1 242 0.00100988
1 328 0.00176074
1 62 -0.00301325
1 542 -0.00105098
1 110 -0.0014208
1 243 -0.00117004
1 228 -0.00100381
1 344 0.00195396
1 334 0.00102839
1 383 -0.00102311
1 107 -0.00110765
1 112 -0.00106891
1 86 0.00175437
1 336 -0.00142958
1 46 -0.00112384
1 367 -0.00106739
2 2 0.486613
2 5 -0.00833448
2 6 0.00256151
2 7 0.00468167
2 8 -0.00149439
2 9 0.00496907
2 10 0.00308715
2 11 -0.0102454
2 12 -0.00120174
2 13 0.0204028
2 14 0.159529
2 15 0.0167185
2 16 -0.0411261
2 201 0.0348956
2 202 0.290596
2 203 -0.0395658
2 204 -0.113809
2 209 -0.0629827
2 210 0.243779
2 211 0.0163397
2 212 -0.182327
2 213 -0.00402181
2 221 -0.00459394
2 223 -0.00484499
2 224 -0.00374687
2 625 -0.00589266
2 1 0.00419848
2 3 0.001877
2 4 -0.015192
2 25 0.00813055
2 26 -0.0107479
2 27 -0.0168618
2 205 0.0101719
2 206 -0.140917
2 207 -0.0251174
2 208 0.0414926
2 50 -0.0133336
2 18 -0.0157317
2 22 -0.01713
2 23 0.00524293
2 630 0.00228238
2 49 -0.0051371
2 51 0.00640421
2 52 -0.00260925
2 17 0.0013579
2 19 0.00451298
2 20 0.00303661
2 24 0.00385822
2 626 -0.00648863
2 627 0.0198686
2 71 0.00194983
2 214 0.00135393
2 28 0.00272372
2 48 0.00211602
2 30 -0.00186288
2 54 -0.00196155
2 56 0.00116667
2 53 0.0026983
2 21 0.00328036
2 99 -0.00176459
2 33 0.00174042
2 44 -0.00206643
2 137 -0.00129703
2 138 0.00190685
2 60 -0.00213137
2 68 -0.00106842
2 57 -0.00162422
2 67 -0.00162211
2 103 -0.00187196
2 77 -0.00136363
2 93 0.0015365
2 46 0.00190066
2 29 -0.00256501
2 217 -0.00127668
2 629 0.00309677
2 34 0.00201036
2 36 -0.00321376
2 124 -0.00120061
2 42 0.00190127
2 79 0.00199071
2 95 0.00235126
2 104 0.00147623
2 118 0.00200178
2 120 0.00249933
2 119 -0.00106894
2 43 0.00151978
2 131 -0.00129854
2 264 0.00105808
2 66 0.0017629
2 102 0.00189297
2 110 -0.00157479
2 62 0.0012122
2 59 -0.0011245
2 216 0.00259131
3 3 0.436832
3 5 -0.0162782
3 6 -0.00563065
3 7 0.0109015
3 8 -0.0159504
3 9 0.00184901
3 10 0.00135004
3 11 -0.00124104
3 12 0.00761764
3 13 -0.20496
3 14 0.0165518
3 15 -0.247313
3 16 0.143883
3 201 0.166347
3 202 -0.0537011
3 203 -0.182726
3 204 -0.196565
3 209 0.0151469
3 210 0.00777978
3 211 0.0654618
3 212 0.0475375
3 213 0.0266867
3 215 -0.00219877
3 216 -0.0421554
3 221 0.0279264
3 223 0.0275221
3 224 0.0240766
3 625 -0.0519912
3 627 -0.0126745
3 2 0.001877
3 4 0.00482162
3 25 0.0170108
3 26 0.00245197
3 27 -0.0155177
3 28 -0.0134776
3 205 -0.0119556
3 208 -0.0158367
3 49 0.00171724
3 52 0.00198281
3 17 -0.0151912
3 19 -0.0216607
3 20 0.00804834
3 21 -0.0158152
3 22 -0.00122612
3 23 -0.0213184
3 24 0.0120159
3 628 0.0145128
3 630 0.0203189
3 626 0.0051781
3 51 0.00222509
3 18 0.00301991
3 30 -0.00609968
3 47 -0.00290895
3 214 -0.00985513
3 222 0.00879042
3 73 0.00623586
3 76 -0.00828888
3 219 -0.00131303
3 97 0.00605365
3 100 0.00462147
3 31 0.00174777
3 207 0.00982998
3 29 -0.0042909
3 99 0.00742258
3 629 -0.00727079
3 48 0.00386773
3 35 -0.00265664
3 41 0.00157131
3 44 -0.00174049
3 75 0.00163334
3 78 0.00256021
3 120 -0.00148357
3 118 -0.00217645
3 33 0.00210305
3 36 -0.00172851
3 137 -0.00111629
3 39 0.00112265
3 40 -0.00141937
3 94 0.00461718
3 102 -0.00455839
3 119 0.00135213
3 93 -0.00228054
3 101 -0.00224713
3 322 -0.00107631
3 92 -0.00149712
3 107 0.00136352
3 45 -0.00234865
3 43 -0.00168457
3 139 -0.00151842
3 96 0.00105405
3 87 -0.00163224
3 112 0.00112427
3 522 -0.00105114
3 38 0.00152043
3 79 0.00232361
3 526 0.00104628
3 110 0.00148726
3 105 0.00116112
3 86 -0.00181459
3 542 0.00111722
4 4 0.439752
4 5 -0.0173214
4 6 -0.00531044
4 7 0.0210821
4 8 -0.00891884
4 9 0.0261975
4 10 0.00136982
4 11 -0.0266744
4 12 0.00408931
4 13 0.0895773
4 14 -0.0386633
4 15 0.136159
4 16 0.00510922
4 201 0.129645
4 202 -0.0997585
4 203 -0.186855
4 204 -0.0338703
4 209 -0.203694
4 210 -0.175165
4 211 0.0395935
4 212 -0.260587
4 213 -0.0129931
4 214 0.00151502
4 216 0.0110179
4 221 -0.00967912
4 222 -0.00600033
4 224 -0.0145979
4 625 -0.0246959
4 627 0.066611
4 1 -0.00417547
4 2 -0.015192
4 3 0.00482162
4 25 0.0113651
4 27 -0.0111988
4 205 0.00263075
4 206 0.0414317
4 207 -0.00778783
4 208 -0.0300651
4 49 -0.0220386
4 50 -0.00842747
4 52 -0.0272962
4 20 -0.00324391
4 21 0.00424248
4 23 0.00734285
4 628 -0.00799669
4 630 -0.00747158
4 26 0.00450242
4 28 -0.00859584
4 51 0.00628543
4 17 0.00805046
4 18 0.00393271
4 19 0.0105066
4 22 0.00660395
4 24 -0.00415957
4 30 -0.00502766
4 31 0.00131082
4 47 -0.00239828
4 48 0.00293775
4 29 -0.00269913
4 53 0.00501006
4 54 -0.00701454
4 55 -0.00349536
4 71 0.00644728
4 72 0.00200698
4 215 0.00188866
4 223 -0.0176517
4 220 -0.0020939
4 97 -0.00254226
4 99 -0.00375605
4 100 -0.00188189
4 56 0.00501165
4 68 -0.00392392
4 73 -0.00260805
4 45 -0.00213699
4 69 0.00359999
4 60 -0.00389365
4 143 -0.00101685
4 65 -0.00251914
4 159 0.00174256
4 160 -0.00115864
4 94 -0.00221636
4 629 0.00224093
4 35 -0.0022278
4 41 0.00146078
4 57 -0.00289684
4 157 0.00158652
4 141 0.00135781
4 78 -0.00127484
4 103 0.00114284
4 33 0.00118794
4 38 0.00136475
4 58 -0.00153691
4 64 -0.00117367
4 147 -0.00150254
4 344 -0.00208735
4 62 0.00257409
4 79 -0.00160409
4 102 0.00146572
4 101 0.00123315
4 32 0.00143379
4 44 -0.00120388
4 43 -0.00176127
4 39 0.00140984
4 153 0.0010627
4 154 0.0011217
4 63 -0.00228025
4 326 0.00134219
4 148 0.00113617
4 76 0.00295492
4 422 -0.0016714
4 328 -0.00172954
4 626 -0.0011835
4 40 -0.00151479
4 145 0.0012986
4 334 -0.00102898
4 336 0.00142922
5 5 0.640333
5 1 -0.0106662
5 2 -0.00833448
5 3 -0.0162782
5 4 -0.0173214
5 9 -0.0116147
5 10 -0.00162478
5 11 -0.0214946
5 12 -0.00947955
5 25 0.15188
5 26 0.0221021
5 27 -0.163037
5 28 -0.14256
5 30 -0.0214188
5 31 0.0177272
5 32 -0.00126196
5 45 -0.0209464
5 46 0.0193178
5 47 0.00178322
5 48 0.0252319
5 201 0.143449
5 202 -0.02006
5 203 0.208669
5 204 -0.100612
5 205 0.136701
5 206 0.104161
5 207 -0.0321757
5 208 0.207337
5 625 -0.0391127
5 626 -0.0390434
5 6 0.0157825
5 8 -0.0119078
5 13 0.0128816
5 15 0.016402
5 16 -0.0062508
5 209 -0.0189482
5 210 -0.0186446
5 211 -0.0117866
5 212 -0.00500457
5 49 0.0145199
5 50 0.00237399
5 52 0.0207344
5 33 0.0117717
5 34 -0.00122761
5 35 -0.0177447
5 41 0.0115895
5 44 -0.0146658
5 121 -0.00831996
5 122 -0.00791397
5 14 -0.00114762
5 36 -0.00961244
5 43 -0.0127236
5 124 -0.00844846
5 137 -0.00690656
5 138 0.00562873
5 139 -0.00887905
5 221 -0.00397015
5 224 -0.00367259
5 627 0.00356175
5 54 -0.00174109
5 70 -0.00662761
5 71 -0.0018814
5 29 -0.0190125
5 39 0.00100987
5 40 -0.0011588
5 125 -0.00436451
5 126 -0.00429681
5 242 0.00341554
5 133 -0.00479165
5 134 0.00489984
5 308 -0.00199185
5 324 0.00175601
5 243 -0.00418673
5 223 -0.00546421
5 225 0.00209701
5 136 0.00491126
5 135 0.00214996
5 321 0.002696
5 322 -0.00509123
5 131 -0.00272328
5 23 0.00244382
5 628 -0.00288947
5 19 0.00200362
5 72 -0.00137476
5 69 -0.00415554
5 55 0.00415309
5 53 -0.0020324
5 60 0.00213959
5 42 0.00494813
5 226 0.00507258
5 241 0.00124114
5 306 -0.00316292
5 129 0.00281033
5 132 -0.00228983
5 323 -0.00315863
5 635 0.0013948
5 230 -0.00166944
5 17 0.00113896
5 21 0.00166861
5 630 -0.00118971
5 68 0.00295286
5 160 0.00102731
5 57 0.00155244
5 143 0.00122489
5 65 0.00210652
5 141 -0.00125987
5 58 0.00158804
5 142 0.00108446
5 127 0.0050054
5 244 -0.00274398
5 238 -0.00127564
5 304 -0.0034576
5 310 0.00124646
5 317 -0.00104053
5 318 0.00171984
5 651 0.00153199
5 245 0.00200831
5 247 -0.00231013
5 301 0.00209907
5 248 0.00330481
5 264 0.00291903
5 24 -0.00137398
5 99 -0.00136546
5 123 -0.00205478
5 63 -0.0016238
5 228 -0.0036848
5 307 -0.0038209
5 246 -0.00118945
5 287 0.0022436
5 251 0.0011401
5 300 0.00116133
5 314 0.00234714
5 234 -0.00280192
5 236 0.0023308
5 406 0.00142841
5 66 0.00131172
5 422 0.00152845
5 640 0.00174174
5 235 0.00254568
5 646 0.0017402
5 316 0.00139018
5 303 0.00131014
5 654 0.00145953
5 62 0.00185741
5 268 0.00101022
5 637 0.00114629
5 649 0.00134957
5 295 -0.00172438
5 408 0.00113201
5 154 -0.00102434
5 414 -0.00125569
5 256 -0.00223056
5 315 0.00298094
5 38 0.00200072
6 6 0.488816
6 1 -0.00551971
6 2 0.00256151
6 3 -0.00563065
6 4 -0.00531044
6 9 0.0113885
6 10 0.00163296
6 11 0.0119282
6 12 0.00464631
6 25 -0.00391401
6 26 0.114376
6 27 0.0475191
6 28 -0.0316083
6 29 0.00666869
6 30 -0.00345032
6 31 0.00152522
6 32 0.00390651
6 45 -0.0103462
6 46 -0.00484618
6 47 -0.00346874
6 201 0.0413951
6 202 0.280958
6 203 0.0845985
6 204 -0.104355
6 205 -0.0842892
6 206 0.238645
6 207 0.0532878
6 208 -0.205266
6 625 -0.00784255
6 626 0.0269303
6 5 0.0157825
6 7 0.00776382
6 8 -0.0165648
6 14 -0.0188722
6 15 0.00995659
6 210 -0.143558
6 211 0.00768281
6 212 0.0395363
6 50 -0.0132412
6 123 -0.00483785
6 13 0.0063973
6 16 0.0026984
6 49 -0.00881146
6 52 -0.00711961
6 51 0.00549149
6 33 -0.00450623
6 34 -0.00687317
6 35 -0.00537344
6 36 0.010948
6 41 0.0070271
6 42 -0.0029554
6 43 -0.0114421
6 137 0.00255792
6 138 -0.00357257
6 140 0.00278546
6 216 0.00128049
6 222 -0.00168316
6 223 -0.00212248
6 55 -0.00240886
6 69 0.00157551
6 70 0.00383653
6 71 0.00133791
6 44 0.00313158
6 39 0.00375172
6 40 -0.00359283
6 244 -0.00118894
6 136 0.00112974
6 307 0.00122499
6 324 -0.00100512
6 124 0.00135362
6 221 -0.00102971
6 627 0.00173472
6 60 -0.00250084
6 125 0.0015477
6 128 0.00167021
6 225 -0.00181363
6 133 -0.00203925
6 134 0.00151974
6 305 -0.00203701
6 321 0.00106376
6 132 -0.00298887
6 323 0.0012958
6 628 -0.00129008
6 630 -0.00171606
6 22 0.00394031
6 68 -0.00195015
6 67 -0.00136137
6 228 -0.00142343
6 263 -0.00107455
6 229 0.00104125
6 655 -0.00102824
6 248 -0.00177722
6 264 -0.00241944
6 224 -0.00124134
6 24 -0.00154706
6 53 0.00281514
6 63 0.00141913
6 241 0.00197223
6 237 -0.00149501
6 247 -0.00112252
6 284 0.00143629
6 309 0.00157146
6 17 0.00103187
6 18 0.00323223
6 57 -0.00190605
6 66 0.00135187
6 59 -0.00105855
6 130 0.00134757
6 287 0.0028423
6 652 -0.00122479
6 303 0.00225299
6 131 0.00326151
6 256 0.00131961
6 295 -0.00166287
6 235 0.00118807
6 268 0.00105231
6 213 -0.00109675
7 7 0.437202
7 1 0.0189871
7 2 0.00468167
7 3 0.0109015
7 4 0.0210821
7 9 -0.00783756
7 10 -0.00147214
7 11 -0.00518432
7 12 -0.0102202
7 25 0.175039
7 26 0.0388419
7 27 -0.149551
7 28 -0.197277
7 29 -0.0221385
7 30 -0.0218385
7 31 0.0198651
7 32 -0.0103834
7 45 -0.023749
7 46 0.0291645
7 47 0.00172746
7 48 0.0241645
7 201 -0.18902
7 202 0.104822
7 203 -0.254573
7 204 0.135609
7 205 0.0305329
7 206 0.0565202
7 207 0.0703095
7 208 0.0310147
7 625 0.0568471
7 626 0.00478917
7 6 0.00776382
7 8 -0.0102368
7 13 -0.0187705
7 15 -0.0202362
7 16 0.010964
7 209 0.0110088
7 210 -0.0216425
7 212 0.0272258
7 49 0.00393261
7 50 -0.00159742
7 33 0.0136824
7 34 -0.00424869
7 35 -0.020132
7 41 0.013848
7 42 0.0030503
7 43 -0.0156573
7 44 -0.013608
7 121 -0.00941914
7 122 -0.0103849
7 51 0.0031655
7 36 -0.0084728
7 124 -0.00612384
7 137 -0.00760385
7 138 0.00525008
7 139 -0.00878894
7 140 0.00105243
7 221 0.00544611
7 222 0.0026391
7 224 0.00458422
7 52 0.00696847
7 70 -0.00172514
7 39 -0.00163475
7 125 -0.00519856
7 126 -0.00493379
7 242 0.00212246
7 133 -0.00572176
7 134 0.00568574
7 136 0.00587755
7 227 0.00126666
7 228 -0.0032447
7 307 -0.003207
7 308 -0.00199868
7 323 -0.00282393
7 324 0.00148957
7 243 -0.00319526
7 14 -0.00290294
7 223 0.0056037
7 23 -0.00310789
7 127 0.00511153
7 225 0.00254306
7 135 0.00136927
7 321 0.0024074
7 322 -0.00385197
7 129 0.00291388
7 131 -0.0019546
7 132 -0.00318206
7 213 0.00180047
7 17 -0.00167086
7 19 -0.00251874
7 55 0.00133097
7 226 0.00463277
7 302 0.00113364
7 635 0.00155858
7 230 -0.00128952
7 627 -0.00506581
7 21 -0.00256631
7 24 0.00159073
7 99 0.00152597
7 244 -0.00226139
7 241 0.00102418
7 304 -0.0035667
7 317 -0.00112888
7 245 0.00247898
7 247 -0.00280671
7 232 -0.00115807
7 216 -0.00252562
7 97 0.00126054
7 18 0.00100256
7 629 -0.00121166
7 306 -0.002189
7 246 -0.00141112
7 282 -0.00101157
7 287 0.00276436
7 646 0.00183625
7 300 0.00113456
7 298 0.00103483
7 314 0.00186376
7 632 0.00119096
7 234 -0.00200975
7 236 0.00142442
7 303 0.00169244
7 628 0.00282187
7 630 0.0013233
7 318 0.00146931
7 651 0.0015246
7 640 0.00185855
7 235 0.0019849
7 248 0.00276186
7 264 0.00229185
7 251 0.0012182
7 637 0.00132079
7 654 0.00126456
7 256 -0.00174998
7 649 0.00137207
7 295 -0.00191845
7 301 0.00218095
7 315 0.0022378
7 37 -0.00104344
8 8 0.442507
8 1 -0.012963
8 2 -0.00149439
8 3 -0.0159504
8 4 -0.00891884
8 9 0.0217138
8 10 -0.00437124
8 11 0.0209216
8 12 0.00576545
8 25 0.143831
8 26 -0.00630547
8 27 -0.199045
8 28 -0.0732483
8 29 -0.0201978
8 30 -0.0245238
8 31 0.0159799
8 32 -0.00482747
8 45 -0.0167255
8 46 0.0178183
8 47 -0.00349909
8 48 0.0198004
8 201 0.084088
8 202 -0.0844688
8 203 0.124946
8 204 0.04395
8 205 -0.185413
8 206 -0.188907
8 207 0.0493785
8 208 -0.253122
8 625 -0.0106028
8 626 0.053571
8 5 -0.0119078
8 6 -0.0165648
8 7 -0.0102368
8 13 0.00722069
8 14 0.0054668
8 15 0.00866349
8 209 0.00725788
8 211 0.0187643
8 212 -0.0182668
8 49 -0.0219707
8 50 -0.00405261
8 52 -0.027818
8 33 0.0116749
8 34 0.00407536
8 35 -0.011483
8 36 -0.0132426
8 44 -0.014007
8 137 -0.00817039
8 138 0.0100069
8 16 -0.0037018
8 41 0.00867765
8 42 0.00825804
8 43 -0.00636922
8 121 -0.00694483
8 122 -0.00424089
8 124 -0.0084151
8 139 -0.0043298
8 140 0.00140368
8 210 0.0379881
8 223 -0.00291557
8 627 -0.0040836
8 51 0.00112002
8 70 0.0071812
8 71 0.003904
8 72 0.00140096
8 40 -0.00186488
8 126 -0.00399057
8 127 0.00487093
8 134 0.0038918
8 228 -0.00309517
8 308 -0.00188116
8 324 0.00253138
8 243 -0.00347788
8 53 0.00344359
8 55 -0.00548416
8 226 0.00367527
8 136 0.00352773
8 135 0.00118434
8 321 0.00212544
8 131 -0.00386684
8 224 -0.00159231
8 69 0.00581363
8 68 -0.0039722
8 57 -0.00234987
8 143 -0.00138059
8 66 -0.00129647
8 225 0.00246328
8 322 -0.00359083
8 129 0.00244693
8 323 -0.00192851
8 651 0.00123976
8 230 -0.00135714
8 21 0.00105136
8 628 -0.00132952
8 65 -0.0029786
8 141 0.001606
8 133 -0.00375541
8 305 0.00141249
8 304 -0.00273546
8 229 -0.00117258
8 301 0.0019137
8 319 -0.00137461
8 311 -0.00121305
8 248 0.00373486
8 264 0.00377181
8 309 -0.00108654
8 221 -0.00229334
8 222 -0.00138962
8 23 0.00152907
8 153 0.00136661
8 154 0.0012552
8 155 0.00116903
8 63 0.00107317
8 406 -0.00129286
8 62 -0.00129467
8 408 -0.00112291
8 38 0.00232267
8 242 0.00220808
8 307 -0.00222474
8 306 -0.00155197
8 245 0.00139741
8 247 -0.00136265
8 640 0.00131756
8 315 0.00135319
8 314 0.00128338
8 234 -0.00226937
8 236 0.00185302
8 19 0.00135561
8 60 -0.00298567
8 142 -0.00122889
8 58 -0.00197639
8 422 -0.00157968
8 646 0.00131599
8 635 0.00135437
8 316 0.00104476
8 654 0.00128386
8 18 -0.00108355
8 244 -0.00223178
8 387 -0.00100007
8 246 -0.00114606
8 235 0.00162732
8 125 -0.00474983
8 414 0.00113332
8 649 0.00106166
8 256 -0.0025716
9 9 0.634797
9 1 -0.0123278
9 2 0.00496907
9 3 0.00184901
9 4 0.0261975
9 5 -0.0116147
9 6 0.0113885
9 7 -0.00783756
9 8 0.0217138
9 49 0.147183
9 50 0.0755363
9 51 -0.0317051
9 52 0.202422
9 53 -0.0221995
9 54 0.0125368
9 55 0.0218429
9 56 -0.0178706
9 69 -0.0197213
9 70 -0.0177397
9 71 -0.0209425
9 72 -0.013618
9 205 0.1427
9 206 0.00106911
9 207 -0.189435
9 208 -0.13896
9 209 0.142213
9 210 -0.0167302
9 211 0.221422
9 212 -0.0795244
9 626 -0.037279
9 627 -0.0386521
9 12 -0.00137191
9 13 0.0120371
9 15 0.0144389
9 201 -0.0159647
9 202 -0.00402357
9 204 0.0139628
9 25 0.0127449
9 26 0.00243316
9 27 -0.0116839
9 28 -0.0138002
9 57 0.0134786
9 59 -0.00140617
9 60 0.0200773
9 141 -0.00681572
9 143 0.00750645
9 157 -0.00727936
9 158 -0.00176592
9 14 -0.00161482
9 16 -0.00846508
9 58 0.00668194
9 65 0.0109793
9 66 0.00247387
9 68 0.0200467
9 142 0.00387962
9 144 0.004653
9 159 -0.00778788
9 160 0.0073617
9 216 0.00631009
9 32 -0.00237838
9 46 0.00598466
9 64 0.00126157
9 146 0.00192444
9 147 0.00513171
9 153 -0.00436071
9 154 -0.00536317
9 155 -0.00283381
9 63 0.00141295
9 203 -0.00171154
9 48 0.00283022
9 145 -0.0047686
9 325 0.00283167
9 421 0.00199241
9 422 0.00696328
9 148 -0.00548419
9 156 -0.00376012
9 152 0.00383418
9 10 0.0114134
9 213 -0.00407232
9 214 0.00247268
9 20 -0.00100299
9 23 0.00168334
9 630 -0.00332612
9 47 0.00243745
9 45 -0.00354994
9 31 0.00223636
9 35 -0.0020584
9 122 -0.0013809
9 326 -0.00506861
9 344 0.00470631
9 406 0.00444678
9 342 -0.00199937
9 328 0.00306539
9 149 0.00342368
9 330 0.00126954
9 17 0.00178253
9 21 0.00104558
9 19 0.00253717
9 24 -0.00111055
9 44 -0.00205472
9 124 -0.00126167
9 41 0.00186143
9 121 -0.00139172
9 43 -0.00174065
9 33 0.00129424
9 348 -0.00284948
9 362 0.00181013
9 404 -0.00137592
9 363 -0.00407175
9 387 0.00381939
9 419 -0.00105642
9 329 -0.00111819
9 361 0.00211233
9 331 0.00132937
9 385 0.00189713
9 402 -0.00124049
9 388 0.00125251
9 660 0.00124098
9 676 0.00150302
9 417 -0.00114759
9 76 0.0012873
9 39 -0.00123953
9 323 -0.00119387
9 327 0.001065
9 408 0.00362027
9 347 -0.00260478
9 334 0.00227146
9 382 -0.0012406
9 336 -0.00320854
9 416 -0.00242078
9 306 -0.0010393
9 322 -0.00103228
9 307 -0.0013239
9 136 0.00102699
9 151 -0.00135697
9 661 0.00166123
9 403 0.00249714
9 657 0.00110916
9 359 0.00155981
9 679 0.0015512
9 150 0.00125354
9 40 0.00133978
9 62 -0.00253869
9 364 -0.00214785
9 386 -0.00171455
9 356 0.00238738
9 355 0.00180777
9 395 -0.00198695
9 672 0.00135292
9 38 -0.00110849
9 675 0.00178969
9 414 -0.00358287
9 664 0.0012116
9 61 -0.00123498
9 315 0.00111016
9 139 -0.00111002
9 396 0.00138516
10 10 0.484403
10 1 -0.00465875
10 2 0.00308715
10 3 0.00135004
10 4 0.00136982
10 5 -0.00162478
10 6 0.00163296
10 7 -0.00147214
10 8 -0.00437124
10 49 -0.0819703
10 50 0.0727358
10 51 -0.0113651
10 52 -0.147498
10 53 0.00188725
10 54 -0.0102944
10 55 -0.0116495
10 56 0.00877214
10 69 0.0188796
10 70 0.00927278
10 71 0.0138298
10 205 0.00870555
10 206 0.291486
10 207 -0.00242969
10 208 -0.0874833
10 209 0.0310424
10 210 0.299055
10 211 0.0639569
10 212 -0.0890812
10 626 -0.00560703
10 627 -0.0148414
10 11 0.00572781
10 12 -0.0198226
10 13 0.00327758
10 14 -0.0156037
10 15 0.00535794
10 202 -0.12274
10 203 -0.00649484
10 204 0.0480595
10 27 -0.00966929
10 57 -0.00216884
10 59 0.00746939
10 60 -0.00310586
10 58 -0.00836163
10 65 -0.0107499
10 66 -0.010154
10 67 0.00920175
10 68 -0.010183
10 141 0.00764365
10 142 -0.00743433
10 143 -0.00361407
10 144 -0.00279409
10 157 0.00254603
10 159 0.00537787
10 28 0.0049952
10 64 -0.00120222
10 147 -0.00150407
10 326 0.00358525
10 327 -0.00202829
10 155 0.00354339
10 406 -0.00144194
10 422 -0.00214425
10 63 -0.00325473
10 148 0.00264617
10 25 0.00289542
10 26 -0.00927187
10 153 0.00396146
10 9 0.0114134
10 16 0.00290168
10 216 0.00108351
10 344 -0.00328406
10 154 0.00306663
10 421 -0.00213967
10 341 -0.00259276
10 156 0.00161517
10 328 -0.00123102
10 152 -0.00237913
10 630 -0.00122717
10 22 0.00300519
10 138 0.00119878
10 36 -0.00212201
10 149 -0.00123955
10 338 -0.00122245
10 386 0.0018407
10 363 0.001062
10 387 -0.00298949
10 419 0.00107959
10 151 -0.00249103
10 417 0.0011466
10 29 -0.00134361
10 72 0.0043353
10 34 0.00160819
10 42 0.00111812
10 408 -0.0010814
10 405 0.00124891
10 403 -0.00276872
10 404 0.00273146
10 414 0.00136403
10 18 0.00261435
10 43 0.00166436
10 332 -0.00102161
10 337 0.00188046
10 364 -0.00104355
10 334 -0.00101585
10 659 -0.0015066
10 336 0.00180468
10 395 0.00210604
10 396 -0.00109937
10 676 -0.00116327
10 46 0.00101206
11 11 0.450917
11 1 0.0236232
11 2 -0.0102454
11 3 -0.00124104
11 4 -0.0266744
11 5 -0.0214946
11 6 0.0119282
11 7 -0.00518432
11 8 0.0209216
11 49 0.0234468
11 50 0.00549356
11 51 0.0557938
11 52 0.0392529
11 53 -0.00542969
11 54 -0.00331817
11 55 0.0050063
11 56 0.00190179
11 69 -0.0013404
11 71 -0.001575
11 72 -0.00153964
11 205 0.171467
11 206 0.00515496
11 207 -0.192369
11 208 -0.193124
11 209 -0.190661
11 210 0.0694207
11 211 -0.275009
11 212 0.11371
11 626 -0.0393338
11 627 0.0453971
11 10 0.00572781
11 12 -0.00118187
11 13 -0.0181658
11 15 -0.0196867
11 16 0.0122033
11 201 0.00129708
11 203 -0.0202055
11 204 0.00169792
11 27 -0.0148203
11 28 -0.0165785
11 60 0.00232804
11 142 0.0023774
11 143 0.0013461
11 158 0.00254689
11 216 -0.008214
11 25 0.0171496
11 26 0.0022316
11 57 0.00292772
11 58 0.00392272
11 66 0.00265831
11 68 0.0010749
11 144 -0.00256513
11 160 0.00245306
11 213 0.00516627
11 214 -0.00101427
11 223 0.00129685
11 224 0.00117939
11 31 0.00228794
11 32 -0.0024135
11 45 -0.00425244
11 46 0.00622607
11 48 0.00393107
11 422 0.00101085
11 63 -0.003167
11 202 -0.0129261
11 630 0.0035023
11 121 -0.00159715
11 122 -0.00160181
11 221 0.0023053
11 20 0.0010957
11 21 -0.00192332
11 47 0.00145285
11 29 -0.00192422
11 139 -0.00109604
11 33 0.00188827
11 36 -0.00114721
11 62 0.00252235
11 408 0.001064
11 328 -0.00115051
11 17 -0.00243613
11 19 -0.00330817
11 44 -0.00237194
11 124 -0.00116777
11 41 0.00221234
11 43 -0.00208278
11 73 0.00123871
11 76 -0.0015761
11 133 -0.00112154
11 134 0.00106583
11 136 0.00114102
11 307 -0.00117191
11 383 0.00101761
11 23 -0.00251453
11 24 0.00148597
11 629 -0.00130874
11 35 -0.00252466
11 322 -0.00101973
11 367 0.00119425
11 70 -0.00905491
11 323 -0.00103872
11 222 0.00137131
12 12 0.437218
12 1 -0.00492255
12 2 -0.00120174
12 3 0.00761764
12 4 0.00408931
12 5 -0.00947955
12 6 0.00464631
12 7 -0.0102202
12 8 0.00576545
12 49 -0.204431
12 50 -0.137034
12 51 0.0584879
12 52 -0.257051
12 53 0.0314927
12 54 -0.0227378
12 55 -0.0275596
12 56 0.0186298
12 69 0.0268133
12 70 0.0231002
12 71 0.0338207
12 72 0.0147081
12 205 0.115958
12 206 -0.0845191
12 207 -0.205347
12 208 -0.0285737
12 209 0.0661757
12 210 -0.0955459
12 211 0.142248
12 212 0.0610877
12 626 -0.0420757
12 627 -0.0303001
12 9 -0.00137191
12 10 -0.0198226
12 11 -0.00118187
12 13 0.00730641
12 14 0.00569518
12 15 0.00751125
12 16 -0.00371809
12 201 -0.0113418
12 202 0.0477565
12 203 -0.0013907
12 204 -0.00111058
12 25 0.0112355
12 26 0.00518877
12 27 -0.00869895
12 28 -0.00966389
12 57 -0.0192872
12 58 -0.00726424
12 60 -0.0267846
12 65 -0.014199
12 67 -0.00255464
12 68 -0.0258478
12 143 -0.00944734
12 625 0.004961
12 141 0.00817476
12 142 -0.00368635
12 144 -0.00457035
12 157 0.0100007
12 158 0.00473717
12 159 0.00905465
12 160 -0.00784015
12 224 -0.00155146
12 30 -0.00118263
12 32 -0.00151209
12 48 0.00234808
12 64 -0.0030766
12 146 -0.00266026
12 147 -0.00783157
12 327 -0.00134336
12 344 -0.00611058
12 153 0.00585737
12 154 0.00689393
12 155 0.00415666
12 406 -0.00382978
12 408 -0.00381023
12 63 -0.00189226
12 342 0.00216452
12 343 0.00104323
12 423 0.00187245
12 46 0.00347743
12 62 0.00451573
12 148 0.00579461
12 156 0.00421467
12 149 -0.0043755
12 152 -0.00438254
12 213 -0.00213724
12 216 0.00233794
12 19 0.00131068
12 31 0.00130811
12 35 -0.00157953
12 41 0.00188565
12 44 -0.00122427
12 325 -0.00347173
12 326 0.00565434
12 421 -0.00250211
12 405 -0.00102487
12 424 0.00114828
12 328 -0.00428196
12 330 -0.00134578
12 386 0.00197435
12 404 0.00137976
12 150 -0.00183296
12 409 0.00128694
12 420 -0.00125578
12 145 0.00704388
12 422 -0.00740346
12 348 0.00400733
12 362 -0.00239779
12 387 -0.00432442
12 419 0.00118234
12 329 0.0015215
12 361 -0.00279207
12 331 -0.00167118
12 385 -0.00268938
12 402 0.0014049
12 388 -0.0021452
12 403 -0.00244728
12 382 0.00178337
12 417 0.00132058
12 151 0.00254015
12 364 0.00302928
12 351 -0.00102972
12 675 -0.00228769
12 360 0.00114691
12 336 0.00389861
12 357 0.0011073
12 390 0.00110748
12 389 0.00112377
12 679 -0.00188339
12 381 0.00116005
12 45 -0.00352846
12 43 -0.00182789
12 363 0.00511714
12 661 -0.0020056
12 660 -0.00133295
12 676 -0.001876
12 657 -0.00127068
12 352 0.00103969
12 359 -0.0017892
12 391 0.00100986
12 399 0.0010815
12 380 -0.00104068
12 396 -0.00141489
12 672 -0.00173485
12 414 0.00305924
12 664 -0.00152591
12 347 0.00336773
12 383 0.00121849
12 356 -0.00298828
12 355 -0.00238371
12 395 0.00201129
12 22 -0.00102164
12 334 -0.00301907
12 416 0.00221644
12 61 0.00140295
13 13 0.6386
13 1 0.156278
13 2 0.0204028
13 3 -0.20496
13 4 0.0895773
13 17 -0.0130888
13 18 0.00389048
13 19 -0.0257492
13 20 0.00606164
13 21 -0.0113303
13 23 -0.0205777
13 24 0.0161891
13 201 -0.0215544
13 202 0.00270308
13 203 0.0246776
13 204 0.0156252
13 209 -0.0229971
13 210 -0.009005
13 211 0.00648974
13 212 -0.0312228
13 213 0.139185
13 214 -0.0543862
13 215 0.0123448
13 216 -0.219078
13 221 0.143921
13 222 0.0545439
13 223 0.184765
13 224 0.126304
13 628 -0.0427128
13 630 -0.0391508
13 5 0.0128816
13 7 -0.0187705
13 8 0.00722069
13 9 0.0120371
13 10 0.00327758
13 11 -0.0181658
13 12 0.00730641
13 14 -0.00165355
13 16 0.00223399
13 625 -0.018649
13 627 -0.0129487
13 73 0.012088
13 76 -0.0160787
13 217 -0.0170729
13 219 -0.0110494
13 220 0.00640405
13 97 0.0121039
13 99 0.0173964
13 100 0.00654256
13 6 0.0063973
13 74 0.00117468
13 75 0.00657454
13 25 -0.00513178
13 28 0.00402064
13 206 -0.00158083
13 49 -0.00515443
13 52 -0.0070423
13 22 -0.00442056
13 79 0.00368674
13 94 0.00686838
13 95 -0.00125995
13 102 -0.0065096
13 27 0.00592493
13 626 0.00555296
13 103 -0.00253339
13 50 -0.00353349
13 51 0.00216276
13 46 0.00151819
13 93 -0.00345787
13 96 0.00172177
13 84 -0.00171048
13 118 -0.0019839
13 120 -0.00251217
13 101 -0.00362653
13 116 0.00115314
13 30 0.00339813
13 32 -0.00143615
13 29 0.00214329
13 54 -0.00306161
13 71 0.00185287
13 56 0.00249574
13 70 -0.00188713
13 53 0.00185914
13 89 0.0015861
13 92 -0.00246036
13 161 -0.00132175
13 162 -0.00147885
13 107 0.00232745
13 199 0.00105341
13 105 0.00188184
13 197 -0.00145271
13 198 0.00141671
13 113 0.00121044
13 115 0.00136899
13 108 0.00146778
13 47 0.00144332
13 35 0.00118123
13 60 -0.0014888
13 57 -0.00102885
13 119 0.00141819
13 82 -0.00111823
13 87 -0.002336
13 508 -0.00124277
13 112 0.0014132
13 185 -0.00105522
13 68 -0.00107518
13 78 0.00298036
13 39 -0.00106746
13 63 -0.00134612
13 114 0.00109613
13 180 -0.00101713
13 506 -0.00138633
13 522 -0.00165564
13 428 0.00133512
13 524 -0.00104709
13 542 0.00170553
13 187 -0.00102162
13 526 0.0016723
13 72 0.00101418
13 40 0.00104563
13 86 -0.00254815
13 186 -0.00108258
13 344 -0.00105103
13 514 0.00117574
13 534 -0.00139267
13 48 -0.00145873
13 62 0.00160243
13 110 0.00164952
13 516 0.00106908
13 38 -0.00115382
14 14 0.487796
14 1 -0.0110183
14 2 0.159529
14 3 0.0165518
14 4 -0.0386633
14 17 -0.0112408
14 19 -0.00669241
14 20 0.00434801
14 21 0.00208724
14 22 0.00115373
14 23 0.00168363
14 24 -0.00649332
14 201 0.00173182
14 202 0.00304906
14 203 -0.00208536
14 204 -0.00302369
14 209 0.0022229
14 210 0.00210018
14 213 0.0594582
14 214 0.26158
14 215 -0.0106477
14 216 -0.158376
14 221 -0.0320569
14 222 0.275131
14 223 -0.102309
14 224 -0.12314
14 630 -0.00346366
14 6 -0.0188722
14 8 0.0054668
14 10 -0.0156037
14 12 0.00569518
14 13 -0.00165355
14 16 -0.012267
14 625 -0.00152998
14 74 -0.0113509
14 218 -0.137612
14 219 0.00988028
14 220 0.0395562
14 98 -0.0131441
14 5 -0.00114762
14 9 -0.00161482
14 73 0.00600227
14 75 -0.00288528
14 76 -0.0065891
14 97 -0.00660566
14 99 -0.00305832
14 206 -0.00256584
14 207 -0.00104154
14 77 -0.00259976
14 94 0.00293693
14 102 0.00262246
14 103 0.00135178
14 120 0.00136015
14 7 -0.00290294
14 100 -0.00674209
14 84 -0.00172534
14 117 0.00198983
14 628 -0.0204282
14 31 0.0027651
14 90 0.00151073
14 107 -0.00169299
14 199 -0.00101716
14 29 -0.00100391
14 217 0.0110775
14 48 -0.00255906
14 79 0.00178742
14 87 -0.00154163
14 106 0.00136653
14 47 0.00177105
14 54 0.00145475
14 71 -0.0020571
14 72 -0.00109681
14 45 0.00129034
14 55 -0.00208968
14 70 0.00116125
14 115 -0.00240634
14 81 0.00186055
14 113 -0.00135645
14 91 0.00165297
14 83 0.00152186
14 32 -0.00206935
14 182 0.0010419
14 38 -0.00119812
14 62 -0.00108342
14 629 -0.0100706
14 114 0.00161228
15 15 0.436955
15 1 0.199406
15 2 0.0167185
15 3 -0.247313
15 4 0.136159
15 17 -0.0019588
15 19 -0.00142764
15 20 0.00615802
15 21 0.0187592
15 22 0.00236198
15 23 0.0155283
15 24 -0.018023
15 201 -0.0257236
15 202 0.00100004
15 203 0.0229258
15 204 0.0257157
15 209 -0.0265691
15 210 -0.0160503
15 212 -0.0404972
15 213 -0.00887668
15 214 -0.0106559
15 215 0.070437
15 216 0.0358595
15 221 -0.172785
15 222 -0.0956594
15 223 -0.193566
15 224 -0.176072
15 628 0.0117702
15 630 0.0526148
15 5 0.016402
15 6 0.00995659
15 7 -0.0202362
15 8 0.00866349
15 9 0.0144389
15 10 0.00535794
15 11 -0.0196867
15 12 0.00751125
15 16 0.00303159
15 625 -0.0208653
15 217 0.0107039
15 218 0.00882489
15 219 0.00711246
15 220 -0.0178032
15 97 -0.0165243
15 99 -0.0190121
15 100 -0.0103231
15 627 -0.0138078
15 207 -0.00186361
15 74 0.00227861
15 75 0.00358366
15 98 -0.00123755
15 28 0.00567722
15 206 0.00142395
15 49 -0.00656755
15 50 -0.0036803
15 52 -0.0089725
15 629 -0.003496
15 102 0.00606027
15 104 -0.00221135
15 119 -0.00155545
15 27 0.00632261
15 626 0.0056106
15 101 0.00452243
15 51 0.00186272
15 71 0.00234935
15 56 0.00269696
15 46 0.00116933
15 120 0.00324105
15 103 0.00288896
15 107 -0.00259351
15 113 -0.00156503
15 115 -0.00182941
15 116 -0.00112134
15 197 0.0016199
15 199 -0.00116611
15 25 -0.00647263
15 30 0.0036743
15 47 0.00136997
15 29 0.00273265
15 54 -0.00351478
15 70 -0.00188364
15 53 0.00209081
15 117 0.00158795
15 105 -0.00231781
15 108 -0.00181233
15 72 0.00119549
15 68 -0.00127636
15 35 0.00143741
15 36 0.00105866
15 60 -0.00161665
15 57 -0.00119117
15 186 0.00113799
15 185 0.00124535
15 48 -0.00121672
15 31 -0.00112716
15 63 -0.00143461
15 198 -0.00123774
15 187 0.00102272
15 526 -0.0013727
15 62 0.00173055
15 542 -0.00131203
15 33 -0.00118379
15 344 -0.00112538
15 328 -0.00105393
15 534 0.00103711
16 16 0.438209
16 1 -0.0970933
16 2 -0.0411261
16 3 0.143883
16 4 0.00510922
16 17 -0.0264748
16 18 -0.00189152
16 19 -0.0311489
16 20 0.00715766
16 21 0.0186247
16 22 0.00350591
16 23 0.022107
16 24 -0.00975978
16 201 0.0115207
16 202 -0.00390071
16 203 -0.0188775
16 204 -0.0163937
16 209 0.0148864
16 210 0.00393034
16 212 0.0134869
16 213 0.204546
16 214 -0.160757
16 215 0.0268583
16 216 -0.28321
16 221 -0.122369
16 222 -0.10969
16 223 -0.160164
16 224 -0.0100703
16 628 -0.0612333
16 630 0.0230428
16 5 -0.0062508
16 7 0.010964
16 11 0.0122033
16 12 -0.00371809
16 13 0.00223399
16 14 -0.012267
16 15 0.00303159
16 625 0.00890546
16 627 0.00834699
16 73 0.0202783
16 76 -0.0247631
16 217 -0.00881253
16 218 0.0332473
16 219 -0.0181214
16 220 -0.0245033
16 99 -0.0162988
16 6 0.0026984
16 8 -0.0037018
16 9 -0.00846508
16 208 -0.0024519
16 75 0.00846868
16 97 -0.0104619
16 100 -0.00356006
16 25 0.00337655
16 27 -0.00397027
16 28 -0.00271857
16 79 0.00609038
16 80 0.00106891
16 93 -0.00522109
16 94 0.008975
16 95 -0.00211799
16 629 0.00461903
16 101 0.00325744
16 102 0.00478555
16 103 0.00215246
16 118 0.00106438
16 120 0.00219301
16 49 0.00312389
16 78 0.00216658
16 84 -0.00270246
16 98 0.00378681
16 10 0.00290168
16 50 0.00142143
16 30 -0.00215276
16 56 -0.00119386
16 626 -0.00293891
16 77 -0.00238945
16 96 0.00153749
16 81 0.00147003
16 163 0.00101831
16 180 -0.00111417
16 104 -0.00102075
16 47 -0.00120984
16 54 0.00139508
16 48 0.00174471
16 53 -0.00147561
16 74 0.00282254
16 89 0.00262025
16 92 -0.00367519
16 161 -0.00178661
16 82 -0.00170959
16 107 -0.00167266
16 197 0.00119361
16 198 -0.0014522
16 113 -0.00107632
16 114 -0.00148748
16 173 -0.00129091
16 175 -0.00128498
16 105 -0.0018017
16 87 -0.00256887
16 508 -0.0014753
16 52 0.00360693
16 116 -0.00133425
16 162 -0.00189313
16 506 -0.00152744
16 522 -0.00192607
16 428 0.0014661
16 542 -0.00117914
16 106 -0.00105297
16 86 -0.00314313
16 108 -0.00172595
16 526 -0.00116294
16 514 0.00131373
16 524 -0.0011374
16 516 0.00115307
16 32 0.00140605
17 17 0.632508
17 13 -0.0130888
17 14 -0.0112408
17 15 -0.0019588
17 16 -0.0264748
17 21 -0.011019
17 22 -0.00449701
17 23 0.0075697
17 24 -0.0235888
17 73 0.155969
17 74 -0.0279117
17 75 0.0243967
17 76 -0.218882
17 77 -0.0172621
17 78 -0.0164958
17 79 0.0131317
17 80 0.0179534
17 93 -0.0206922
17 94 0.0165445
17 95 -0.0228428
17 96 0.0101764
17 213 0.141096
17 214 0.027631
17 215 -0.217649
17 216 0.082998
17 217 0.139994
17 218 0.0791751
17 219 0.189621
17 220 0.104921
17 628 -0.0402297
17 629 -0.03784
17 1 0.0123022
17 3 -0.0151912
17 18 0.0124031
17 20 -0.0109476
17 221 -0.0189515
17 222 -0.0175534
17 223 0.0046599
17 224 -0.00749
17 97 0.0126844
17 99 0.0126406
17 100 0.0117711
17 81 0.0109948
17 84 -0.0178282
17 89 0.0114465
17 91 0.00477451
17 92 -0.0179361
17 161 -0.00760081
17 162 -0.00621885
17 163 0.00809383
17 164 -0.00432858
17 177 -0.00778297
17 178 0.00229385
17 179 -0.00739962
17 2 0.0013579
17 4 0.00805046
17 98 0.00504535
17 180 -0.00729483
17 212 -0.00689119
17 104 0.00237936
17 117 -0.00360671
17 118 0.00510934
17 120 -0.00327364
17 82 -0.00469575
17 165 -0.0042778
17 166 -0.00336113
17 167 0.0017926
17 427 0.0030301
17 173 -0.00460671
17 175 -0.0038264
17 506 -0.00281171
17 443 0.00119047
17 523 -0.00166321
17 444 -0.00419665
17 630 0.00198623
17 101 -0.00167334
17 168 0.00476834
17 176 0.00348594
17 521 0.00256041
17 522 -0.00533675
17 428 -0.00107564
17 172 -0.00326821
17 209 -0.00438725
17 210 -0.00104479
17 211 0.00103328
17 7 -0.00167086
17 625 -0.00331624
17 119 -0.00204528
17 103 -0.00305534
17 107 0.00197898
17 86 0.00175929
17 425 0.00231668
17 426 0.00503288
17 169 0.00278132
17 442 0.00256918
17 685 0.00196752
17 430 -0.00147574
17 5 0.00113896
17 9 0.00178253
17 11 -0.00243613
17 115 0.00262309
17 184 0.00133445
17 113 0.00172169
17 199 0.0012659
17 105 0.00110907
17 181 -0.0011497
17 108 0.0011816
17 438 -0.00103332
17 485 0.0020087
17 503 0.00187858
17 487 0.00362522
17 701 0.00168464
17 445 0.00191827
17 448 -0.00152093
17 518 0.00144612
17 447 -0.00299747
17 49 -0.00107712
17 52 -0.0014117
17 102 0.002222
17 111 0.00123052
17 110 -0.00219983
17 607 0.00117567
17 87 0.00100551
17 508 -0.00269739
17 446 -0.00111353
17 504 0.00206923
17 463 -0.001875
17 452 0.00101261
17 700 0.00154826
17 434 -0.00217037
17 436 0.00286404
17 516 0.00199748
17 514 0.0021415
17 6 0.00103187
17 112 -0.00173466
17 622 -0.00137922
17 690 0.00149199
17 171 0.00109447
17 491 -0.00116119
17 682 0.00126032
17 704 0.00144904
17 687 0.0011322
17 697 0.00110919
17 206 -0.00103841
17 623 0.0010908
17 486 0.00142832
17 174 0.00456178
17 614 0.00100669
17 435 -0.00118094
17 455 0.00150458
17 495 -0.00135991
17 496 -0.00162788
18 18 0.491198
18 13 0.00389048
18 16 -0.00189152
18 21 0.0130581
18 22 0.00186357
18 24 0.00788352
18 73 0.0406818
18 74 0.127601
18 75 0.0431284
18 76 -0.0703381
18 77 0.00673882
18 78 -0.00419408
18 79 0.00519975
18 80 0.0074506
18 93 -0.0169049
18 94 0.00363287
18 95 -0.00624008
18 213 -0.0115961
18 214 0.308547
18 215 0.00591033
18 216 -0.0706171
18 217 -0.0674127
18 218 0.26362
18 219 -0.109035
18 220 -0.122299
18 628 0.00823797
18 629 0.024822
18 2 -0.0157317
18 17 0.0124031
18 19 -0.00740198
18 20 -0.0148974
18 221 -0.0100912
18 222 -0.133096
18 224 0.0494703
18 97 -0.00632544
18 98 -0.0135788
18 99 -0.00228189
18 82 -0.00563088
18 83 -0.00943013
18 90 -0.00869605
18 161 -0.00539774
18 162 -0.00712048
18 177 0.00116108
18 178 -0.0024217
18 179 -0.00360034
18 3 0.00301991
18 4 0.00393271
18 223 0.0180585
18 100 -0.00695856
18 81 -0.00492593
18 89 0.00987521
18 91 -0.00866208
18 92 -0.0109077
18 164 -0.00292602
18 180 0.00162461
18 87 0.00376582
18 86 -0.00140965
18 426 0.0022349
18 506 -0.00105758
18 441 0.00173281
18 505 -0.00203997
18 1 -0.00267296
18 173 -0.00347718
18 175 -0.00301731
18 630 0.00956531
18 120 0.00149047
18 118 -0.00141837
18 117 0.00252717
18 165 0.00127865
18 167 -0.00122713
18 427 0.00232262
18 521 0.00130619
18 523 0.00103956
18 685 0.00118302
18 444 -0.00219953
18 113 -0.00142448
18 170 0.00122391
18 486 0.00135342
18 487 0.00202966
18 437 -0.00159694
18 7 0.00100256
18 182 0.0011546
18 503 0.00150225
18 448 -0.00117232
18 512 0.00116707
18 447 0.00119719
18 436 0.00108681
18 702 -0.00114052
18 10 0.00261435
18 6 0.00323223
18 107 -0.001357
18 181 0.0010109
18 106 0.00135646
18 115 -0.00245342
18 504 0.00322726
18 440 -0.00151985
18 171 0.00305954
18 463 0.00146686
18 488 0.00211488
18 464 -0.00147309
18 8 -0.00108355
18 108 0.0011244
18 114 0.00169582
18 509 0.00152889
18 684 0.00130738
18 455 -0.00111478
18 495 -0.00169777
18 174 0.00182716
18 496 -0.00153684
19 19 0.444155
19 13 -0.0257492
19 14 -0.00669241
19 15 -0.00142764
19 16 -0.0311489
19 21 0.0223077
19 22 0.00392644
19 23 -0.00566314
19 24 0.02686
19 73 -0.0237483
19 74 0.0164733
19 75 0.0747573
19 76 0.0417298
19 78 0.0116681
19 79 0.0031655
19 80 -0.00602206
19 93 0.00565624
19 94 0.0065854
19 95 0.00719997
19 213 0.191961
19 214 -0.0182215
19 215 -0.261425
19 216 0.151166
19 217 -0.171629
19 218 -0.114014
19 219 -0.186775
19 220 -0.150571
19 628 -0.0490926
19 629 0.0371611
19 3 -0.0216607
19 18 -0.00740198
19 20 0.00337483
19 221 0.00210183
19 222 0.0164782
19 223 -0.023329
19 99 -0.0162528
19 82 -0.00324324
19 83 -0.00100819
19 90 -0.00398849
19 91 -0.0021641
19 162 -0.00256782
19 163 -0.00217595
19 177 0.00152747
19 178 -0.00478588
19 179 0.00198795
19 180 -0.00120775
19 1 0.0188396
19 2 0.00451298
19 4 0.0105066
19 224 -0.0080721
19 97 -0.0169199
19 100 -0.0144306
19 98 -0.00507468
19 89 -0.00337201
19 92 0.00399789
19 164 0.00387967
19 201 -0.00195137
19 203 0.00106128
19 209 -0.00563789
19 210 -0.00363597
19 212 -0.00804524
19 103 0.00312756
19 104 -0.00285407
19 117 0.00434766
19 118 -0.00521237
19 120 0.00461962
19 84 0.00195061
19 87 -0.00533587
19 426 -0.00172315
19 506 -0.00117908
19 443 -0.00100026
19 173 0.00106355
19 5 0.00200362
19 7 -0.00251874
19 12 0.00131068
19 625 -0.00411917
19 101 0.00263479
19 86 -0.00511144
19 427 -0.00155822
19 428 0.00277537
19 444 0.00295245
19 9 0.00253717
19 11 -0.00330817
19 116 -0.00125487
19 115 -0.00302222
19 184 -0.00152098
19 113 -0.00217272
19 197 0.0010635
19 105 -0.00174298
19 181 0.00135912
19 108 -0.00169608
19 508 -0.00125757
19 204 0.00194117
19 630 -0.00286788
19 49 -0.00145931
19 52 -0.00187808
19 111 -0.00108694
19 110 0.00160294
19 112 0.00138192
19 193 0.00102875
19 196 0.00112793
19 622 0.0014169
19 442 -0.00171532
19 8 0.00135561
19 626 0.00105798
19 107 -0.00242233
19 199 -0.00136652
19 119 0.00148032
19 434 0.00158587
19 514 0.00113087
19 435 0.0010397
19 524 -0.00192035
19 607 -0.00112747
19 436 -0.00204468
19 483 0.00161123
19 467 0.00181256
19 475 -0.00134308
20 20 0.441412
20 13 0.00606164
20 14 0.00434801
20 15 0.00615802
20 16 0.00715766
20 21 0.00921475
20 22 -0.00277655
20 23 -0.00970343
20 24 0.0107429
20 73 0.22117
20 74 -0.0705104
20 75 0.0338325
