%%MatrixMarket matrix coordinate real general
384 384 4050
1 1 0.913538
1 5 0.164627
1 6 0.166625
1 306 0.00381485
1 2 -0.104756
1 3 0.0460021
1 4 0.104625
1 37 -0.00376822
1 38 0.00292491
1 39 0.00495175
1 40 -0.00129513
1 31 -0.00120753
1 32 -0.00133456
1 33 -0.00178706
1 304 0.00280101
1 41 0.00192294
2 2 0.610089
2 5 0.433523
2 6 -0.0282414
2 306 -0.00219433
2 1 -0.104756
2 3 0.108095
2 4 -0.161013
2 37 -0.00984899
2 38 0.0192971
2 39 -0.00376529
2 33 0.00204287
2 304 -0.00399005
2 41 0.00673646
2 316 0.00104135
3 3 0.290825
3 5 0.125895
3 6 -0.298647
3 306 -0.00152627
3 1 0.0460021
3 2 0.108095
3 4 0.295442
3 37 -0.00282282
3 38 0.00424161
3 31 0.00192394
3 33 -0.00697239
3 34 0.00130996
3 41 0.00184863
3 36 0.00151724
3 35 -0.00112259
3 304 0.00531624
4 4 0.428973
4 5 -0.0558905
4 6 -0.342796
4 306 0.00589961
4 1 0.104625
4 2 -0.161013
4 3 0.295442
4 37 0.00133068
4 31 0.00218093
4 33 -0.00926565
4 34 0.00156131
4 301 -0.00147216
4 304 -0.00143144
4 35 -0.00131013
4 36 0.00183793
4 38 -0.0041713
4 39 0.00264134
4 41 -0.00103727
5 5 0.377369
5 1 0.164627
5 2 0.433523
5 3 0.125895
5 4 -0.0558905
5 6 -0.013278
5 37 0.0141545
5 38 -0.0104955
5 39 -0.0191391
5 40 0.00678229
5 306 -0.00116216
5 41 -0.00559455
5 42 -0.00331942
5 304 -0.00103274
6 6 0.379767
6 1 0.166625
6 2 -0.0282414
6 3 -0.298647
6 4 -0.342796
6 5 -0.013278
6 31 0.00473504
6 32 0.00418977
6 33 0.00687871
6 34 0.00370146
6 306 -0.00118006
6 35 -0.00157083
6 304 -0.0010727
7 7 0.909143
7 11 0.175006
7 12 0.174511
7 8 -0.125361
7 9 -0.0650572
7 10 -0.0396562
8 8 0.557174
8 11 0.234327
8 12 0.247841
8 7 -0.125361
8 9 0.288849
8 10 0.176771
9 9 0.29778
9 11 -0.0557055
9 12 0.303847
9 7 -0.0650572
9 8 0.288849
9 10 -0.161291
10 10 0.488241
10 11 0.37708
10 12 -0.220991
10 7 -0.0396562
10 8 0.176771
10 9 -0.161291
11 11 0.36945
11 7 0.175006
11 8 0.234327
11 9 -0.0557055
11 10 0.37708
11 12 -0.0461325
12 12 0.378211
12 7 0.174511
12 8 0.247841
12 9 0.303847
12 10 -0.220991
12 11 -0.0461325
13 13 0.914868
13 17 0.168447
13 18 0.165032
13 115 -0.00343416
13 116 -0.0020011
13 117 0.00101237
13 118 0.00433353
13 14 0.12789
13 15 -0.0629891
13 16 -0.0437148
13 120 0.00177798
14 14 0.631448
14 17 -0.1132
14 18 -0.388926
14 115 0.00248892
14 118 -0.00341816
14 198 0.00140872
14 13 0.12789
14 15 -0.059616
14 16 -0.22065
14 120 -0.00213581
14 116 -0.0031832
14 117 0.00349634
15 15 0.622618
15 17 0.436142
15 18 -0.191944
15 115 -0.00913191
15 116 0.0027675
15 117 -0.0055055
15 118 0.0114645
15 13 -0.0629891
15 14 -0.059616
15 16 0.00894311
15 120 0.00688334
16 16 0.0773342
16 17 0.0313795
16 18 0.14031
16 116 0.00109403
16 117 -0.00119245
16 13 -0.0437148
16 14 -0.22065
16 15 0.00894311
16 195 0.00113025
17 17 0.37292
17 13 0.168447
17 14 -0.1132
17 15 0.436142
17 16 0.0313795
17 18 -0.0303704
17 115 0.0125388
17 116 0.00568281
17 117 -0.00453627
17 118 -0.0171749
17 119 -0.00298086
17 120 -0.00458727
18 18 0.381481
18 13 0.165032
18 14 -0.388926
18 15 -0.191944
18 16 0.14031
18 17 -0.0303704
19 19 0.910835
19 23 0.171367
19 24 0.168995
19 227 0.00155377
19 20 0.147164
19 21 -0.0326225
19 22 -0.0237118
20 20 0.691217
20 23 -0.249052
20 24 -0.31288
20 234 0.00124932
20 19 0.147164
20 21 -0.112028
20 22 -0.138923
20 226 -0.00186098
20 225 -0.00109499
21 21 0.433798
21 23 0.343814
21 24 -0.220381
21 227 -0.00187186
21 19 -0.0326225
21 20 -0.112028
21 22 -0.255375
21 226 -0.00156606
21 232 -0.00155013
22 22 0.213765
22 23 -0.15284
22 24 0.244153
22 227 -0.00212112
22 234 0.00104101
22 19 -0.0237118
22 20 -0.138923
22 21 -0.255375
22 226 -0.00259791
22 232 -0.00225964
22 225 -0.00152278
23 23 0.371858
23 19 0.171367
23 20 -0.249052
23 21 0.343814
23 22 -0.15284
23 24 -0.0248498
24 24 0.378548
24 19 0.168995
24 20 -0.31288
24 21 -0.220381
24 22 0.244153
24 23 -0.0248498
25 25 0.912685
25 29 0.172923
25 30 0.170818
25 26 -0.137462
25 27 -0.0337469
25 28 0.022997
25 259 -0.00170346
25 261 0.00328846
25 262 0.00110628
25 145 -0.00210164
25 146 0.00269525
25 147 -0.00392551
25 148 -0.00137894
26 26 0.713318
26 29 0.219824
26 30 0.321805
26 25 -0.137462
26 27 0.0988811
26 28 -0.152937
26 259 -0.00225972
26 260 0.00286025
26 261 -0.00354015
26 145 -0.0040685
26 146 -0.002451
26 147 0.0178083
26 148 -0.00768283
26 150 0.00110407
26 149 0.00200624
26 262 -0.0109635
27 27 0.501208
27 29 0.375931
27 30 -0.24522
27 25 -0.0337469
27 26 0.0988811
27 28 0.193662
27 259 -0.00375198
27 260 0.00157308
27 262 -0.00847257
27 145 0.00302032
27 146 -0.00163824
27 147 -0.00169206
27 148 0.00327208
27 263 0.00146065
27 264 0.0014115
27 149 -0.00137174
28 28 0.127489
28 29 0.105127
28 30 -0.196735
28 25 0.022997
28 26 -0.152937
28 27 0.193662
28 259 -0.00103672
28 147 -0.00565353
28 148 0.00355883
28 149 -0.00115557
28 145 0.00245472
28 261 0.00104143
29 29 0.370334
29 25 0.172923
29 26 0.219824
29 27 0.375931
29 28 0.105127
29 30 -0.0491004
29 259 0.00602503
29 260 0.00278878
29 261 -0.0106621
29 262 -0.00170372
29 263 -0.00186136
29 264 -0.00183764
29 146 -0.00123479
29 147 0.00238178
30 30 0.374609
30 25 0.170818
30 26 0.321805
30 27 -0.24522
30 28 -0.196735
30 29 -0.0491004
30 145 0.00750866
30 146 -0.00851854
30 147 0.0105028
30 148 0.00616435
30 149 -0.00243002
30 150 -0.00214325
30 262 -0.00100058
30 261 -0.00146355
31 31 0.913306
31 6 0.00473504
31 35 0.16836
31 36 0.16581
31 1 -0.00120753
31 3 0.00192394
31 4 0.00218093
31 32 0.139834
31 33 -0.0395765
31 34 0.0467717
32 32 0.656955
32 6 0.00418977
32 35 -0.170055
32 36 -0.369267
32 1 -0.00133456
32 31 0.139834
32 33 -0.194682
32 34 0.0511071
32 141 -0.00117489
33 33 0.0596248
33 6 0.00687871
33 35 0.0287788
33 36 0.123654
33 1 -0.00178706
33 2 0.00204287
33 3 -0.00697239
33 4 -0.00926565
33 31 -0.0395765
33 32 -0.194682
33 34 0.0171541
34 34 0.61035
34 6 0.00370146
34 35 -0.419172
34 36 0.23875
34 3 0.00130996
34 4 0.00156131
34 31 0.0467717
34 32 0.0511071
34 33 0.0171541
34 141 -0.00157213
35 35 0.375066
35 31 0.16836
35 32 -0.170055
35 33 0.0287788
35 34 -0.419172
35 36 -0.0242021
35 141 0.00123054
35 6 -0.00157083
35 4 -0.00131013
35 3 -0.00112259
36 36 0.384824
36 31 0.16581
36 32 -0.369267
36 33 0.123654
36 34 0.23875
36 35 -0.0242021
36 3 0.00151724
36 4 0.00183793
37 37 0.907853
37 5 0.0141545
37 41 0.176995
37 42 0.175279
37 1 -0.00376822
37 2 -0.00984899
37 3 -0.00282282
37 4 0.00133068
37 38 -0.119492
37 39 -0.0836008
37 313 -0.00143725
37 315 0.00210092
37 316 -0.00221971
37 194 0.00142377
38 38 0.513971
38 5 -0.0104955
38 41 0.236937
38 42 0.222002
38 1 0.00292491
38 2 0.0192971
38 3 0.00424161
38 37 -0.119492
38 39 0.359139
38 40 -0.0197999
38 313 -0.00177484
38 315 -0.00221131
38 316 0.0126096
38 193 -0.00110236
38 194 -0.00236537
38 46 -0.00177881
38 4 -0.0041713
38 196 0.00469792
38 314 0.00105321
39 39 0.253712
39 5 -0.0191391
39 41 0.144568
39 42 0.177357
39 48 -0.00136554
39 1 0.00495175
39 2 -0.00376529
39 37 -0.0836008
39 38 0.359139
39 40 0.0225417
39 315 -0.00153677
39 316 0.00828895
39 194 -0.00168267
39 4 0.00264134
39 46 0.00197518
39 196 0.00351534
39 313 -0.00105615
40 40 0.587664
40 5 0.00678229
40 41 -0.348659
40 42 0.345988
40 1 -0.00129513
40 38 -0.0197999
40 39 0.0225417
40 313 0.00255538
40 316 -0.00838819
40 193 -0.00166233
40 195 0.00127494
40 196 0.00339676
41 41 0.36587
41 37 0.176995
41 38 0.236937
41 39 0.144568
41 40 -0.348659
41 42 -0.0428876
41 313 0.00532855
41 314 0.00251228
41 315 -0.00728114
41 316 0.00798315
41 5 -0.00559455
41 317 -0.00149141
41 1 0.00192294
41 2 0.00673646
41 3 0.00184863
41 4 -0.00103727
42 42 0.369875
42 37 0.175279
42 38 0.222002
42 39 0.177357
42 40 0.345988
42 41 -0.0428876
42 193 0.00309797
42 194 -0.00496735
42 195 -0.00247016
42 5 -0.00331942
42 196 0.00138901
43 43 0.908427
43 47 0.175263
43 48 0.175495
43 324 0.00398138
43 44 -0.0665293
43 45 0.0173711
43 46 0.130068
43 319 -0.00109474
43 320 -0.00147479
43 322 0.00254978
44 44 0.616965
44 47 0.437341
44 48 -0.181018
44 324 -0.00239207
44 43 -0.0665293
44 45 -0.0558896
44 46 -0.0687514
44 322 -0.00113703
45 45 0.0111607
45 47 -0.0432364
45 48 -0.0233096
45 324 -0.00260073
45 43 0.0173711
45 44 -0.0558896
45 46 0.0718261
45 320 -0.00120686
45 322 0.0054869
46 46 0.717943
46 47 -0.0879493
46 48 -0.409769
46 324 0.00564333
46 43 0.130068
46 44 -0.0687514
46 45 0.0718261
46 38 -0.00177881
46 319 -0.00150446
46 320 -0.00169965
46 322 0.00263133
46 39 0.00197518
47 47 0.371866
47 43 0.175263
47 44 0.437341
47 45 -0.0432364
47 46 -0.0879493
47 48 -0.0446237
47 324 -0.00118307
48 48 0.373584
48 39 -0.00136554
48 43 0.175495
48 44 -0.181018
48 45 -0.0233096
48 46 -0.409769
48 47 -0.0446237
48 324 -0.00137241
48 322 -0.00123712
49 49 0.909978
49 53 0.174061
49 54 0.173174
49 241 -0.00133917
49 242 -0.00171774
49 50 -0.0675396
49 51 0.043917
49 52 -0.123019
49 124 0.00121771
50 50 0.503889
50 53 -0.144358
50 54 0.401267
50 241 0.00105516
50 242 0.00120765
50 49 -0.0675396
50 51 0.163669
50 52 0.191773
51 51 0.276501
51 53 -0.291975
51 54 0.119864
51 241 0.00220219
51 242 0.00255862
51 49 0.043917
51 50 0.163669
51 52 -0.267742
51 121 0.0011832
51 122 0.00132171
51 124 0.00125832
51 245 -0.00200334
51 123 0.00269341
52 52 0.56068
52 53 0.307226
52 54 0.168191
52 242 -0.00277065
52 49 -0.123019
52 50 0.191773
52 51 -0.267742
52 121 -0.00125997
52 122 -0.0016799
52 124 -0.00238721
52 245 0.00224473
52 123 -0.0038244
52 241 -0.00234976
53 53 0.368973
53 49 0.174061
53 50 -0.144358
53 51 -0.291975
53 52 0.307226
53 54 -0.0442278
53 121 0.0025393
53 122 0.00139031
53 124 -0.00430678
53 241 0.00481474
53 242 0.00659637
53 244 0.00172316
53 245 -0.00188409
54 54 0.380071
54 49 0.173174
54 50 0.401267
54 51 0.119864
54 52 0.168191
54 53 -0.0442278
55 55 0.915475
55 59 0.165359
55 60 0.162537
55 65 0.0118067
55 372 0.0174848
55 56 0.0536922
55 57 -0.134963
55 58 -0.0431795
55 61 -0.00301874
55 62 0.00690849
55 63 0.0028329
55 64 0.00164311
55 367 -0.0044157
55 369 0.0051137
55 370 0.00743959
55 368 0.00649821
56 56 0.127506
56 59 -0.0336283
56 60 -0.183205
56 65 0.0216678
56 372 0.0301662
56 55 0.0536922
56 57 -0.180811
56 58 -0.193394
56 61 -0.00648598
56 62 -0.0178339
56 63 -0.0120311
56 64 0.00103009
56 66 0.00113526
56 367 -0.00903527
56 368 -0.0313112
56 369 -0.0208278
56 370 -0.0136834
56 371 0.00234378
57 57 0.653781
57 59 0.397917
57 60 0.126345
57 372 -0.00854496
57 55 -0.134963
57 56 -0.180811
57 58 -0.016806
57 62 -0.0125696
57 63 -0.00667682
57 367 0.00198012
57 368 -0.0166786
57 369 -0.011993
57 370 -0.0124955
57 64 -0.00131933
58 58 0.5451
58 59 -0.221676
58 60 0.398052
58 65 -0.00543394
58 372 0.0170142
58 55 -0.0431795
58 56 -0.193394
58 57 -0.016806
58 62 -0.0108242
58 63 -0.0060459
58 367 -0.00378068
58 368 -0.0141332
58 369 -0.00958422
58 370 -0.00724058
59 59 0.383961
59 55 0.165359
59 56 -0.0336283
59 57 0.397917
59 58 -0.221676
59 60 -0.0209868
59 65 -0.00136349
59 372 -0.00605502
59 62 0.00572536
59 63 0.00255481
59 64 0.00109946
59 367 0.00203496
59 368 -0.00459212
59 369 -0.00355432
59 370 -0.00489369
60 60 0.377349
60 55 0.162537
60 56 -0.183205
60 57 0.126345
60 58 0.398052
60 59 -0.0209868
60 65 -0.00407807
60 372 -0.00209118
60 61 0.00150145
60 62 -0.00571741
60 64 -0.00121308
60 368 0.00495238
60 369 0.00373498
60 370 0.00471322
60 63 -0.00247394
61 61 0.914787
61 65 0.16446
61 66 0.162688
61 126 0.00652305
61 55 -0.00301874
61 56 -0.00648598
61 62 0.0838214
61 63 0.113051
61 64 -0.0671243
61 121 -0.00181592
61 122 -0.00111997
61 123 0.0037474
61 124 -0.00311335
61 60 0.00150145
62 62 0.529249
62 65 -0.412857
62 66 0.0955485
62 126 0.00103526
62 55 0.00690849
62 56 -0.0178339
62 57 -0.0125696
62 58 -0.0108242
62 61 0.0838214
62 63 0.210862
62 64 0.131503
62 123 0.00633493
62 124 -0.0057161
62 59 0.00572536
62 60 -0.00571741
62 368 -0.00100338
63 63 0.389094
63 65 -0.169741
63 66 -0.265994
63 126 0.011678
63 55 0.0028329
63 56 -0.0120311
63 57 -0.00667682
63 58 -0.0060459
63 61 0.113051
63 62 0.210862
63 64 -0.283661
63 121 -0.00352998
63 122 -0.0021713
63 123 -0.00357829
63 124 0.00371308
63 59 0.00255481
63 60 -0.00247394
64 64 0.403559
64 65 -0.0969519
64 66 0.359043
64 126 0.00166759
64 55 0.00164311
64 56 0.00103009
64 61 -0.0671243
64 62 0.131503
64 63 -0.283661
64 59 0.00109946
64 60 -0.00121308
64 57 -0.00131933
64 123 -0.00780521
64 124 0.00716298
65 65 0.383685
65 55 0.0118067
65 56 0.0216678
65 58 -0.00543394
65 61 0.16446
65 62 -0.412857
65 63 -0.169741
65 64 -0.0969519
65 66 -0.00977626
65 59 -0.00136349
65 60 -0.00407807
65 126 -0.00193395
65 123 -0.00150023
65 124 0.00125186
66 66 0.379029
66 61 0.162688
66 62 0.0955485
66 63 -0.265994
66 64 0.359043
66 65 -0.00977626
66 126 -0.00186489
66 56 0.00113526
66 123 -0.00128129
66 124 0.00107742
67 67 0.913461
67 71 0.165969
67 72 0.165656
67 251 0.00347571
67 275 0.00139097
67 68 0.151354
67 69 0.0297028
67 70 -0.0158065
67 283 -0.00107402
67 284 -0.00147549
67 249 -0.00101809
67 250 0.00122709
68 68 0.688374
68 71 -0.292012
68 72 -0.288149
68 251 0.00212388
68 275 0.00170956
68 67 0.151354
68 69 0.126416
68 70 -0.085442
68 283 0.00192214
68 284 0.00241735
68 250 -0.00135586
68 288 -0.00107836
68 286 -0.00108666
69 69 0.194936
69 71 -0.236825
69 72 0.127208
69 251 -0.00818816
69 67 0.0297028
69 68 0.126416
69 70 0.259936
69 247 0.00235188
69 249 -0.00581814
69 250 0.0103721
69 248 -0.0046116
70 70 0.454248
70 71 -0.258439
70 72 0.325436
70 251 0.00483278
70 67 -0.0158065
70 68 -0.085442
70 69 0.259936
70 247 -0.00141318
70 249 0.00362736
70 250 -0.00644375
70 285 0.001275
70 248 0.00286261
71 71 0.380932
71 67 0.165969
71 68 -0.292012
71 69 -0.236825
71 70 -0.258439
71 72 -0.0102905
71 283 0.00234651
71 284 0.00337039
71 286 -0.00136673
71 250 0.00125824
72 72 0.368399
72 67 0.165656
72 68 -0.288149
72 69 0.127208
72 70 0.325436
72 71 -0.0102905
72 283 0.00171719
72 284 0.00242858
72 285 0.00111418
72 250 0.00104127
73 73 0.910183
73 77 0.172447
73 78 0.170293
73 108 0.00294471
73 74 -0.0991322
73 75 0.0250311
73 76 -0.112007
73 105 0.00128827
73 106 -0.00122568
74 74 0.453388
74 77 0.0239916
74 78 0.356068
74 73 -0.0991322
74 75 -0.268343
74 76 0.196511
74 105 -0.00311163
74 106 0.00174152
74 104 0.00118142
75 75 0.28122
75 77 0.181805
75 78 -0.27974
75 73 0.0250311
75 74 -0.268343
75 76 0.134846
75 106 0.00110727
75 105 -0.00254173
76 76 0.600726
76 77 0.412705
76 78 0.0127739
76 108 -0.0043037
76 73 -0.112007
76 74 0.196511
76 75 0.134846
76 103 0.00108137
77 77 0.376202
77 73 0.172447
77 74 0.0239916
77 75 0.181805
77 76 0.412705
77 78 -0.0312748
77 108 -0.00121007
77 105 -0.00111772
78 78 0.378275
78 73 0.170293
78 74 0.356068
78 75 -0.27974
78 76 0.0127739
78 77 -0.0312748
79 79 0.91487
79 83 0.166089
79 84 0.163274
79 348 0.013521
79 80 -0.0097418
79 81 0.150074
79 82 0.0270386
79 325 -0.00129153
79 327 -0.00214682
79 328 0.00107287
79 187 -0.00278181
79 188 -0.00359177
79 189 -0.00170676
79 343 -0.00338686
79 344 -0.00668661
79 345 0.00225969
79 346 0.00343684
79 191 0.00142969
80 80 0.509533
80 83 0.331026
80 84 -0.295752
80 348 -0.0180177
80 79 -0.0097418
80 81 -0.0557137
80 82 0.220814
80 325 -0.00238929
80 327 0.0036016
80 328 -0.00640626
80 187 0.0051027
80 188 0.0064551
80 189 -0.00464392
80 343 0.00470534
80 344 -0.0140916
80 346 0.0133789
80 347 -0.00121233
80 191 -0.00347807
80 326 0.00353265
80 309 -0.00143455
81 81 0.697765
81 83 -0.297727
81 84 -0.28471
81 348 0.00112907
81 79 0.150074
81 80 -0.0557137
81 82 0.122399
81 325 0.00213254
81 327 -0.00571013
81 328 0.00845346
81 187 0.00494381
81 188 0.00629896
81 189 -0.00756963
81 344 -0.0143008
81 191 -0.00349071
81 345 0.00209158
81 346 0.0104696
81 326 -0.00384864
82 82 0.131294
82 83 0.0885482
82 84 -0.197394
82 348 0.0270827
82 79 0.0270386
82 80 0.220814
82 81 0.122399
82 187 0.00342028
82 188 0.00434314
82 189 -0.0037548
82 343 -0.00797004
82 344 0.0322259
82 346 -0.0295584
82 347 0.00247615
82 191 -0.00236037
82 328 -0.0011253
82 309 0.00302247
83 83 0.373436
83 79 0.166089
83 80 0.331026
83 81 -0.297727
83 82 0.0885482
83 84 -0.0139516
83 325 0.00508931
83 326 -0.00102996
83 327 0.00872558
83 328 -0.00435401
83 348 -0.00357517
83 329 -0.0014974
83 344 0.00113399
84 84 0.376564
84 79 0.163274
84 80 -0.295752
84 81 -0.28471
84 82 -0.197394
84 83 -0.0139516
84 187 0.0104691
84 188 0.0140184
84 189 0.00726346
84 190 0.00236552
84 348 -0.00173835
84 191 -0.00415611
84 192 -0.00250667
84 344 -0.00420154
84 345 0.00106355
84 346 0.00251381
85 85 0.913334
85 89 0.168465
85 90 0.166558
85 108 0.0015402
85 86 -0.144926
85 87 -0.0404195
85 88 0.0197248
85 152 0.00132103
86 86 0.679845
86 89 0.321975
86 90 0.238194
86 108 -0.00225379
86 85 -0.144926
86 87 0.189812
86 88 -0.0135123
86 152 -0.00511601
86 155 -0.00101245
86 154 -0.00157124
87 87 0.0530273
87 89 0.0908139
87 90 0.0653914
87 108 0.00205063
87 85 -0.0404195
87 86 0.189812
87 88 -0.00198794
87 106 0.0016369
87 152 -0.00140941
87 105 -0.00379239
87 104 0.00131009
88 88 0.60545
88 89 0.30441
88 90 -0.381589
88 85 0.0197248
88 86 -0.0135123
88 87 -0.00198794
88 151 0.00154679
88 152 0.00433597
88 154 0.00198214
88 155 0.00141462
89 89 0.371288
89 85 0.168465
89 86 0.321975
89 87 0.0908139
89 88 0.30441
89 90 -0.021725
90 90 0.377024
90 85 0.166558
90 86 0.238194
90 87 0.0653914
90 88 -0.381589
90 89 -0.021725
90 151 0.00302911
90 152 -0.00499716
90 154 0.00228984
90 156 -0.00106545
91 91 0.915301
91 95 0.164481
91 96 0.163914
91 92 -0.0998834
91 93 0.0449769
91 94 0.107719
92 92 0.511345
92 95 -0.0145177
92 96 0.399575
92 91 -0.0998834
92 93 -0.272333
92 94 -0.0765383
93 93 0.150151
93 95 0.0480155
93 96 -0.220965
93 91 0.0449769
93 92 -0.272333
93 94 -0.0169305
94 94 0.662635
94 95 -0.452504
94 96 0.032273
94 91 0.107719
94 92 -0.0765383
94 93 -0.0169305
95 95 0.375972
95 91 0.164481
95 92 -0.0145177
95 93 0.0480155
95 94 -0.452504
95 96 -0.0169297
96 96 0.384596
96 91 0.163914
96 92 0.399575
96 93 -0.220965
96 94 0.032273
96 95 -0.0169297
97 97 0.905515
97 101 0.17773
97 102 0.178361
97 191 0.00503117
97 98 0.00441182
97 99 0.0683627
97 100 0.131893
97 217 -0.00265553
97 219 -0.0023452
97 220 -0.00341226
97 187 -0.00131641
97 188 0.0025151
97 190 0.00237259
97 222 0.00104577
97 218 0.00185712
98 98 0.0327116
98 101 -0.0896891
98 102 0.0746071
98 191 0.00160571
98 97 0.00441182
98 99 0.12683
98 100 -0.043798
98 217 -0.00107173
98 218 -0.00106331
98 219 -0.00119705
99 99 0.584662
99 101 -0.429209
99 102 0.177194
99 191 0.00555033
99 97 0.0683627
99 98 0.12683
99 100 0.0799809
99 217 -0.00246689
99 219 -0.0022579
99 220 -0.0023568
99 187 -0.00122795
99 188 0.00190089
99 222 0.00103963
99 190 0.00178742
100 100 0.730409
100 101 -0.0989196
100 102 -0.401358
100 191 0.00413166
100 97 0.131893
100 98 -0.043798
100 99 0.0799809
100 217 0.00603954
100 218 0.013389
100 219 0.00812099
100 187 -0.00124002
100 188 0.00280466
100 221 -0.00190133
100 222 -0.00285864
100 190 0.00264667
101 101 0.38021
101 97 0.17773
101 98 -0.0896891
101 99 -0.429209
101 100 -0.0989196
101 191 -0.0021292
101 102 -0.0446512
101 188 -0.00218618
101 190 -0.00198044
101 220 0.00133302
102 102 0.366557
102 97 0.178361
102 98 0.0746071
102 99 0.177194
102 100 -0.401358
102 217 0.00906398
102 218 -0.00532663
102 219 0.00821978
102 220 0.0117116
102 221 -0.00274462
102 222 -0.00302139
102 101 -0.0446512
102 188 0.00105413
103 103 0.910607
103 107 0.172566
103 108 0.171219
103 167 0.00311877
103 168 0.00534464
103 104 -0.024579
103 105 0.145416
103 106 0.0221901
103 76 0.00108137
103 163 -0.00221595
103 164 0.00114931
103 165 0.00334825
103 166 0.00241807
104 104 0.0729301
104 107 -0.0530141
104 108 0.150194
104 167 0.00136688
104 168 -0.0038547
104 103 -0.024579
104 105 -0.139373
104 106 0.148926
104 164 0.00336342
104 166 0.00120162
104 74 0.00118142
104 87 0.00131009
105 105 0.72004
105 107 -0.253917
105 108 -0.306556
105 167 0.0040987
105 168 0.00685969
105 103 0.145416
105 104 -0.139373
105 106 0.0491779
105 73 0.00128827
105 74 -0.00311163
105 163 -0.00280718
105 164 0.00230058
105 165 0.00439365
105 166 0.0033894
105 87 -0.00379239
105 77 -0.00111772
105 75 -0.00254173
106 106 0.550099
106 107 -0.369862
106 108 0.292539
106 167 0.00155528
106 168 0.00283892
106 103 0.0221901
106 104 0.148926
106 105 0.0491779
106 73 -0.00122568
106 74 0.00174152
106 87 0.0016369
106 75 0.00110727
107 107 0.377804
107 103 0.172566
107 104 -0.0530141
107 105 -0.253917
107 106 -0.369862
107 108 -0.034537
107 167 -0.00123177
107 168 -0.00193107
107 163 0.00103464
107 165 -0.00223082
107 166 -0.00147311
108 108 0.368349
108 73 0.00294471
108 76 -0.0043037
108 85 0.0015402
108 86 -0.00225379
108 87 0.00205063
108 103 0.171219
108 104 0.150194
108 105 -0.306556
108 106 0.292539
108 107 -0.034537
108 77 -0.00121007
108 168 -0.00145366
109 109 0.91377
109 113 0.168484
109 114 0.167166
109 110 -0.105338
109 111 -0.0957188
109 112 0.0466313
109 169 -0.00170484
109 170 0.00220087
109 289 -0.00246269
109 290 -0.00159563
109 292 -0.00322951
109 293 0.0010131
110 110 0.59718
110 113 0.423913
110 114 -0.0179635
110 109 -0.105338
110 111 0.199921
110 112 0.0969502
110 169 -0.00437014
110 170 0.00464515
110 292 0.00192522
110 174 0.00361323
110 172 -0.00279265
110 291 0.0011564
111 111 0.378053
111 113 0.0684178
111 114 0.306382
111 109 -0.0957188
111 110 0.199921
111 112 -0.295537
111 289 -0.00468023
111 290 -0.00489641
111 291 0.00673455
111 293 0.00237731
111 294 0.00158366
111 166 -0.00148763
112 112 0.361518
112 113 0.146303
112 114 -0.332251
112 109 0.0466313
112 110 0.0969502
112 111 -0.295537
112 169 -0.0014889
112 170 0.00166276
112 289 0.00504671
112 290 0.00497597
112 291 -0.00647362
112 293 -0.00255139
112 174 0.00117037
112 294 -0.00167526
112 166 0.00132864
113 113 0.37795
113 109 0.168484
113 110 0.423913
113 111 0.0684178
113 112 0.146303
113 114 -0.0283058
113 169 0.00620322
113 170 -0.00878523
113 172 0.00191085
113 173 -0.00133972
113 174 -0.00243552
114 114 0.372043
114 109 0.167166
114 110 -0.0179635
114 111 0.306382
114 112 -0.332251
114 113 -0.0283058
114 289 0.00900005
114 290 0.00647944
114 291 -0.00333139
114 292 0.0120788
114 293 -0.00309776
114 294 -0.00277289
115 115 0.913085
115 13 -0.00343416
115 14 0.00248892
115 15 -0.00913191
115 17 0.0125388
115 119 0.167502
115 120 0.168151
115 116 0.0404503
115 117 0.0269225
115 118 -0.14286
116 116 0.222634
116 13 -0.0020011
116 15 0.0027675
116 16 0.00109403
116 17 0.00568281
116 119 -0.265082
116 120 0.108798
116 115 0.0404503
116 117 0.284799
116 118 -0.0903332
116 14 -0.0031832
117 117 0.391142
117 13 0.00101237
117 15 -0.0055055
117 16 -0.00119245
117 17 -0.00453627
117 119 -0.325809
117 120 0.223059
117 115 0.0269225
117 116 0.284799
117 118 0.0185055
117 14 0.00349634
118 118 0.714375
118 13 0.00433353
118 14 -0.00341816
118 15 0.0114645
118 17 -0.0171749
118 119 0.175068
118 120 0.379507
118 115 -0.14286
118 116 -0.0903332
118 117 0.0185055
119 119 0.381457
119 115 0.167502
119 116 -0.265082
119 117 -0.325809
119 118 0.175068
119 120 -0.0285039
119 17 -0.00298086
120 120 0.376635
120 115 0.168151
120 116 0.108798
120 117 0.223059
120 118 0.379507
120 119 -0.0285039
120 17 -0.00458727
120 13 0.00177798
120 14 -0.00213581
120 15 0.00688334
121 121 0.912538
121 53 0.0025393
121 125 0.167391
121 126 0.168435
121 350 0.00108048
121 352 0.00195415
121 51 0.0011832
121 52 -0.00125997
121 122 0.0883457
121 123 0.0819005
121 124 -0.0942129
121 61 -0.00181592
121 63 -0.00352998
122 122 0.625313
122 53 0.00139031
122 125 -0.446753
122 126 0.105981
122 349 0.00361618
122 350 0.0111643
122 351 -0.00325744
122 352 0.00717922
122 51 0.00132171
122 52 -0.0016799
122 121 0.0883457
122 123 -0.025475
122 124 -0.121671
122 61 -0.00111997
122 63 -0.0021713
122 353 -0.00172672
122 354 -0.00141701
123 123 0.376956
123 125 0.0263946
123 126 -0.339991
123 349 0.00370089
123 350 0.00775448
123 351 -0.00547411
123 352 -0.0029985
123 121 0.0819005
123 122 -0.025475
123 124 -0.333049
123 61 0.0037474
123 62 0.00633493
123 63 -0.00357829
123 354 -0.00286411
123 51 0.00269341
123 52 -0.0038244
123 353 -0.00398851
123 65 -0.00150023
123 64 -0.00780521
123 66 -0.00128129
124 124 0.328289
124 53 -0.00430678
124 125 0.0797839
124 126 0.281441
124 349 0.00404254
124 350 0.00364749
124 351 -0.00676839
124 352 -0.0097648
124 49 0.00121771
124 51 0.00125832
124 52 -0.00238721
124 121 -0.0942129
124 122 -0.121671
124 123 -0.333049
124 61 -0.00311335
124 62 -0.0057161
124 63 0.00371308
124 354 -0.00298163
124 353 -0.00455567
124 64 0.00716298
124 66 0.00107742
124 65 0.00125186
125 125 0.378845
125 121 0.167391
125 122 -0.446753
125 123 0.0263946
125 124 0.0797839
125 126 -0.023259
125 349 0.00338197
125 350 -0.00362143
125 351 -0.00258544
125 352 -0.00869423
126 126 0.37809
126 61 0.00652305
126 62 0.00103526
126 63 0.011678
126 64 0.00166759
126 121 0.168435
126 122 0.105981
126 123 -0.339991
126 124 0.281441
126 125 -0.023259
126 65 -0.00193395
126 66 -0.00186489
127 127 0.91559
127 131 0.163907
127 132 0.163617
127 128 -0.0715394
127 129 -0.093225
127 130 0.099193
128 128 0.617651
128 131 0.440242
128 132 -0.162146
128 127 -0.0715394
128 129 0.102465
128 130 0.0208833
129 129 0.286434
129 131 0.114127
129 132 0.247493
129 127 -0.093225
129 128 0.102465
129 130 -0.333049
130 130 0.420998
130 131 -0.0364392
130 132 -0.348186
130 127 0.099193
130 128 0.0208833
130 129 -0.333049
131 131 0.37859
131 127 0.163907
131 128 0.440242
131 129 0.114127
131 130 -0.0364392
131 132 -0.0150927
132 132 0.380735
132 127 0.163617
132 128 -0.162146
132 129 0.247493
132 130 -0.348186
132 131 -0.0150927
133 133 0.915308
133 137 0.166121
133 138 0.166805
133 336 0.00461486
133 134 0.110651
133 135 -0.0901313
133 136 0.0404214
133 331 -0.0012246
133 332 -0.00203905
133 334 0.00216755
133 157 -0.00268243
133 158 -0.00251166
133 159 0.00631272
133 160 -0.00355754
134 134 0.658881
134 137 -0.443259
134 138 0.00867383
134 133 0.110651
134 135 -0.116254
134 136 -0.0477425
134 159 0.00974147
134 158 -0.00293641
134 160 -0.00765231
135 135 0.463367
135 137 -0.0165254
135 138 0.371495
135 336 -0.00280857
135 133 -0.0901313
135 134 -0.116254
135 136 -0.295508
135 332 0.00317329
135 334 -0.00413451
135 157 -0.00463663
135 158 0.00573392
135 159 -0.0259164
135 160 0.0250925
135 161 -0.00322662
135 162 -0.00300962
135 333 -0.00131354
136 136 0.212114
136 137 0.0971112
136 138 -0.256652
136 336 0.00610413
136 133 0.0404214
136 134 -0.0477425
136 135 -0.295508
136 331 -0.00157397
136 332 0.00137145
136 334 -0.00262374
136 157 0.00323743
136 158 -0.00334953
136 159 0.0158903
136 160 -0.0157511
136 161 0.00216209
136 162 0.00202138
136 333 -0.00159044
137 137 0.375877
137 133 0.166121
137 134 -0.443259
137 135 -0.0165254
137 136 0.0971112
137 138 -0.0283856
137 159 -0.00117014
137 332 -0.00177639
137 334 0.00198646
138 138 0.371728
138 133 0.166805
138 134 0.00867383
138 135 0.371495
138 136 -0.256652
138 137 -0.0283856
138 157 0.0114491
138 158 0.00815389
138 159 -0.0229155
138 160 0.0149271
138 336 -0.00179133
138 161 -0.00157924
138 162 -0.00168126
138 332 0.00182765
138 334 -0.00203302
139 139 0.910504
139 143 0.174862
139 144 0.174694
139 140 -0.14197
139 141 -0.00581019
139 142 0.0142052
140 140 0.771097
140 143 0.245971
140 144 0.309071
140 139 -0.14197
140 141 -0.00277224
140 142 -0.0177892
141 141 0.144975
141 35 0.00123054
141 143 0.184386
141 144 -0.164592
141 34 -0.00157213
141 139 -0.00581019
141 140 -0.00277224
141 142 -0.250642
141 32 -0.00117489
142 142 0.434017
142 143 -0.326105
142 144 0.275609
142 139 0.0142052
142 140 -0.0177892
142 141 -0.250642
143 143 0.374173
143 139 0.174862
143 140 0.245971
143 141 0.184386
143 142 -0.326105
143 144 -0.052405
144 144 0.365241
144 139 0.174694
144 140 0.309071
144 141 -0.164592
144 142 0.275609
144 143 -0.052405
145 145 0.913271
145 30 0.00750866
145 149 0.165823
145 150 0.167406
145 25 -0.00210164
145 26 -0.0040685
145 27 0.00302032
145 146 -0.0942017
145 147 -0.00239049
145 148 0.121295
145 28 0.00245472
146 146 0.600984
146 30 -0.00851854
146 149 -0.0759281
146 150 0.436069
146 25 0.00269525
146 26 -0.002451
146 27 -0.00163824
146 145 -0.0942017
146 147 0.160946
146 148 -0.0949402
146 29 -0.00123479
147 147 0.0736066
147 30 0.0105028
147 149 -0.116712
147 150 0.124182
147 25 -0.00392551
147 26 0.0178083
147 27 -0.00169206
147 28 -0.00565353
147 145 -0.00239049
147 146 0.160946
147 148 0.112929
147 29 0.00238178
148 148 0.655501
148 30 0.00616435
148 149 -0.433579
148 150 -0.0350318
148 25 -0.00137894
148 26 -0.00768283
148 27 0.00327208
148 28 0.00355883
148 145 0.121295
148 146 -0.0949402
148 147 0.112929
149 149 0.378567
149 145 0.165823
149 146 -0.0759281
149 147 -0.116712
149 148 -0.433579
149 150 -0.0191076
149 30 -0.00243002
149 26 0.00200624
149 27 -0.00137174
149 28 -0.00115557
150 150 0.37835
150 145 0.167406
150 146 0.436069
150 147 0.124182
150 148 -0.0350318
150 149 -0.0191076
150 30 -0.00214325
150 26 0.00110407
151 151 0.91267
151 90 0.00302911
151 155 0.164805
151 156 0.168242
151 185 0.00554382
151 312 0.00110557
151 88 0.00154679
151 152 -0.00859478
151 153 0.123935
151 154 0.0934689
151 181 -0.00154823
151 183 0.00323222
151 184 0.00288978
152 152 0.0151055
152 90 -0.00499716
152 155 -0.0344808
152 156 0.066085
152 185 -0.0019731
152 312 -0.00260344
152 85 0.00132103
152 86 -0.00511601
152 88 0.00433597
152 151 -0.00859478
152 153 0.0214785
152 154 -0.0931722
152 183 0.00112755
152 184 0.00143957
152 309 -0.00387279
152 87 -0.00140941
153 153 0.682576
153 155 -0.442961
153 156 -0.035727
153 185 0.00568058
153 151 0.123935
153 152 0.0214785
153 154 0.0574696
153 181 -0.00153736
153 183 0.00293038
153 184 0.00260962
154 154 0.634716
154 90 0.00228984
154 155 0.0990937
154 156 -0.448616
154 185 0.00528488
154 88 0.00198214
154 151 0.0934689
154 152 -0.0931722
154 153 0.0574696
154 181 -0.00131364
154 184 0.00235699
154 183 0.00257402
154 86 -0.00157124
155 155 0.375737
155 151 0.164805
155 152 -0.0344808
155 153 -0.442961
155 154 0.0990937
155 156 -0.0129563
155 185 -0.00156209
155 86 -0.00101245
155 88 0.00141462
156 156 0.379118
156 151 0.168242
156 152 0.066085
156 153 -0.035727
156 154 -0.448616
156 155 -0.0129563
156 90 -0.00106545
156 185 -0.00194555
156 183 -0.00187636
156 184 -0.00172037
157 157 0.908297
157 138 0.0114491
157 161 0.175167
157 162 0.175202
157 133 -0.00268243
157 135 -0.00463663
157 136 0.00323743
157 158 0.0853292
157 159 -0.0555455
157 160 -0.106608
157 355 -0.00154675
157 356 -0.00101897
157 358 0.00279124
158 158 0.61605
158 138 0.00815389
158 161 -0.434428
158 162 0.104227
158 133 -0.00251166
158 135 0.00573392
158 136 -0.00334953
158 157 0.0853292
158 159 0.0682385
158 160 -0.157695
158 358 0.00221605
158 134 -0.00293641
158 357 -0.00156666
159 159 0.264988
159 138 -0.0229155
159 161 -0.0749709
159 162 0.287136
159 133 0.00631272
159 134 0.00974147
159 135 -0.0259164
159 136 0.0158903
159 137 -0.00117014
159 157 -0.0555455
159 158 0.0682385
159 160 0.311946
159 355 -0.00251664
159 358 -0.00155879
159 360 0.00152194
159 357 0.00716233
160 160 0.469913
160 138 0.0149271
160 161 0.0766017
160 162 0.329227
160 133 -0.00355754
160 135 0.0250925
160 136 -0.0157511
160 157 -0.106608
160 158 -0.157695
160 159 0.311946
160 355 -0.00290253
160 358 -0.00293326
160 356 0.00150592
160 357 0.009883
160 134 -0.00765231
160 360 0.00178548
161 161 0.368518
161 157 0.175167
161 158 -0.434428
161 159 -0.0749709
161 160 0.0766017
161 162 -0.0423351
161 138 -0.00157924
161 135 -0.00322662
161 136 0.00216209
161 358 -0.00106807
162 162 0.374848
162 157 0.175202
162 158 0.104227
162 159 0.287136
162 160 0.329227
162 161 -0.0423351
162 355 0.00540564
162 356 0.00273024
162 357 0.00157193
162 358 -0.00935396
162 138 -0.00168126
162 359 -0.0012802
162 360 -0.00185303
162 135 -0.00300962
162 136 0.00202138
163 163 0.913612
163 167 0.166465
163 168 0.165628
163 289 -0.00412636
163 290 0.00925259
163 291 0.0011397
163 292 0.00274005
163 293 0.0159868
163 103 -0.00221595
163 105 -0.00280718
163 164 -0.00971161
163 165 0.13029
163 166 0.079556
163 107 0.00103464
164 164 0.568672
164 167 0.352311
164 168 -0.3185
164 289 -0.00311172
164 290 -0.0111945
164 291 0.00211033
164 292 -0.00584162
164 293 0.0130339
164 103 0.00114931
164 104 0.00336342
164 105 0.00230058
164 163 -0.00971161
164 165 -0.0795071
164 166 0.113752
165 165 0.533888
165 167 -0.279134
165 168 -0.226076
165 289 -0.00774644
165 290 -0.0156855
165 291 0.00525902
165 293 0.0262446
165 103 0.00334825
165 105 0.00439365
165 163 0.13029
165 164 -0.0795071
165 166 0.308822
165 294 0.00185093
165 107 -0.00223082
165 292 -0.0097204
166 166 0.230726
166 167 -0.0719642
166 168 -0.233696
166 289 0.00600429
166 290 0.044539
166 291 -0.00635361
166 292 0.0220241
166 293 -0.0220675
166 103 0.00241807
166 104 0.00120162
166 105 0.0033894
166 163 0.079556
166 164 0.113752
166 165 0.308822
166 294 -0.00121889
166 107 -0.00147311
166 111 -0.00148763
166 112 0.00132864
167 167 0.378998
167 103 0.00311877
167 104 0.00136688
167 105 0.0040987
167 106 0.00155528
167 163 0.166465
167 164 0.352311
167 165 -0.279134
167 166 -0.0719642
167 168 -0.0192097
167 107 -0.00123177
167 293 -0.00246168
167 290 0.0044964
167 292 0.00143744
168 168 0.377922
168 103 0.00534464
168 104 -0.0038547
168 105 0.00685969
168 106 0.00283892
168 163 0.165628
168 164 -0.3185
168 165 -0.226076
168 166 -0.233696
168 167 -0.0192097
168 107 -0.00193107
168 108 -0.00145366
168 293 -0.00428794
168 289 0.00110549
168 290 -0.00207562
169 169 0.9133
169 113 0.00620322
169 173 0.17038
169 174 0.166936
169 109 -0.00170484
169 110 -0.00437014
169 112 -0.0014889
169 170 -0.12353
169 171 -0.0113525
169 172 0.0826713
170 170 0.691267
170 113 -0.00878523
170 173 0.0478558
170 174 0.435738
170 109 0.00220087
170 110 0.00464515
170 112 0.00166276
170 169 -0.12353
170 171 -0.0120512
170 172 -0.0758093
171 171 0.0234849
171 173 0.0842827
171 174 -0.0408706
171 169 -0.0113525
171 170 -0.0120512
171 172 -0.117835
172 172 0.618347
172 113 0.00191085
172 173 -0.441015
172 174 0.122556
172 169 0.0826713
172 170 -0.0758093
172 171 -0.117835
172 110 -0.00279265
173 173 0.373606
173 169 0.17038
173 170 0.0478558
173 171 0.0842827
173 172 -0.441015
173 113 -0.00133972
173 174 -0.0332412
174 174 0.379803
174 169 0.166936
174 170 0.435738
174 171 -0.0408706
174 172 0.122556
174 113 -0.00243552
174 173 -0.0332412
174 110 0.00361323
174 112 0.00117037
175 175 0.911866
175 179 0.170701
175 180 0.171261
175 176 0.0637633
175 177 0.0816256
175 178 -0.105674
175 237 -0.00100244
176 176 0.580721
176 179 0.177739
176 180 -0.423853
176 175 0.0637633
176 177 0.165896
176 178 0.0255652
177 177 0.229056
177 179 -0.166461
177 180 -0.150285
177 175 0.0816256
177 176 0.165896
177 178 -0.303481
177 237 -0.00276434
178 178 0.532807
178 179 0.379468
178 180 0.0312988
178 175 -0.105674
178 176 0.0255652
178 177 -0.303481
178 235 -0.00105098
178 237 0.00480442
178 236 -0.0012908
179 179 0.372579
179 175 0.170701
179 176 0.177739
179 177 -0.166461
179 178 0.379468
179 180 -0.0361728
179 235 0.00189117
179 236 0.00119179
179 237 0.00338598
179 238 -0.0017869
180 180 0.37294
180 175 0.171261
180 176 -0.423853
180 177 -0.150285
180 178 0.0312988
180 179 -0.0361728
181 181 0.912506
181 185 0.167694
181 186 0.167366
181 151 -0.00154823
181 153 -0.00153736
181 154 -0.00131364
181 182 0.0951986
181 183 0.041163
181 184 0.11376
182 182 0.501777
182 185 0.0327206
182 186 -0.395867
182 181 0.0951986
182 183 -0.154602
182 184 0.243414
183 183 0.391705
183 185 -0.339487
183 186 0.180134
183 151 0.00323222
183 152 0.00112755
183 153 0.00293038
183 181 0.041163
183 182 -0.154602
183 184 0.254844
183 156 -0.00187636
183 154 0.00257402
184 184 0.434283
184 185 -0.29991
184 186 -0.136278
184 151 0.00288978
184 152 0.00143957
184 153 0.00260962
184 154 0.00235699
184 181 0.11376
184 182 0.243414
184 183 0.254844
184 156 -0.00172037
185 185 0.377332
185 151 0.00554382
185 152 -0.0019731
185 153 0.00568058
185 154 0.00528488
185 181 0.167694
185 182 0.0327206
185 183 -0.339487
185 184 -0.29991
185 186 -0.0215067
185 155 -0.00156209
185 156 -0.00194555
186 186 0.382548
186 181 0.167366
186 182 -0.395867
186 183 0.180134
186 184 -0.136278
186 185 -0.0215067
187 187 0.915637
187 84 0.0104691
187 191 0.1677
187 192 0.161109
187 79 -0.00278181
187 80 0.0051027
187 81 0.00494381
187 82 0.00342028
187 188 0.150739
187 189 0.00232338
187 190 -0.0159024
187 97 -0.00131641
187 99 -0.00122795
187 100 -0.00124002
188 188 0.725798
188 84 0.0140184
188 191 -0.327678
188 192 -0.261206
188 79 -0.00359177
188 80 0.0064551
188 81 0.00629896
188 82 0.00434314
188 187 0.150739
188 189 0.0182471
188 190 -0.00478955
188 97 0.0025151
188 99 0.00190089
188 100 0.00280466
188 101 -0.00218618
188 102 0.00105413
189 189 0.00577752
189 84 0.00726346
189 191 -0.0369418
189 192 0.0279728
189 353 -0.00141015
189 79 -0.00170676
189 80 -0.00464392
189 81 -0.00756963
189 82 -0.0037548
189 187 0.00232338
189 188 0.0182471
189 190 0.0556716
189 350 0.00187688
189 352 -0.00154045
189 351 -0.00132114
190 190 0.603112
190 84 0.00236552
190 191 -0.308156
190 192 0.375507
190 187 -0.0159024
190 188 -0.00478955
190 189 0.0556716
190 97 0.00237259
190 101 -0.00198044
190 100 0.00264667
190 99 0.00178742
191 191 0.366666
191 97 0.00503117
191 98 0.00160571
191 99 0.00555033
191 100 0.00413166
191 187 0.1677
191 188 -0.327678
191 189 -0.0369418
191 190 -0.308156
191 192 -0.016457
191 101 -0.0021292
191 84 -0.00415611
191 79 0.00142969
191 80 -0.00347807
191 81 -0.00349071
191 82 -0.00236037
192 192 0.38274
192 187 0.161109
192 188 -0.261206
192 189 0.0279728
192 190 0.375507
192 191 -0.016457
192 84 -0.00250667
193 193 0.911147
193 42 0.00309797
193 197 0.170141
193 198 0.170612
193 38 -0.00110236
193 40 -0.00166233
193 194 -0.0931408
193 195 -0.0925438
193 196 -0.0751447
194 194 0.413075
194 42 -0.00496735
194 197 0.348107
194 198 0.00625129
194 37 0.00142377
194 38 -0.00236537
194 39 -0.00168267
194 193 -0.0931408
194 195 0.0566191
194 196 0.330619
195 195 0.654824
195 42 -0.00247016
195 197 -0.0913223
195 198 0.451019
195 40 0.00127494
195 193 -0.0925438
195 194 0.0566191
195 196 0.0498972
195 16 0.00113025
196 196 0.26477
196 197 0.27768
196 198 0.00818015
196 193 -0.0751447
196 194 0.330619
196 195 0.0498972
196 38 0.00469792
196 39 0.00351534
196 40 0.00339676
196 42 0.00138901
197 197 0.38413
197 193 0.170141
197 194 0.348107
197 195 -0.0913223
197 196 0.27768
197 198 -0.0316294
198 198 0.372085
198 14 0.00140872
198 193 0.170612
198 194 0.00625129
198 195 0.451019
198 196 0.00818015
198 197 -0.0316294
199 199 0.911951
199 203 0.169761
199 204 0.173604
199 222 0.00453104
199 200 0.0938103
199 201 -0.0377803
199 202 0.105027
199 361 -0.00283858
199 362 -0.00459024
199 363 -0.00374671
199 364 0.00217532
199 217 -0.00122555
199 218 0.00112204
199 220 0.00296628
200 200 0.508238
200 203 0.02011
200 204 -0.381865
200 199 0.0938103
200 201 0.140457
200 202 0.272396
200 361 0.00564741
200 362 -0.018783
200 363 -0.0210897
200 364 -0.00882344
200 220 0.00745824
200 365 -0.00106969
200 366 0.00152056
200 219 0.0021502
200 218 0.00250154
201 201 0.415069
201 203 0.348796
201 204 -0.195747
201 222 0.00306828
201 199 -0.0377803
201 200 0.140457
201 202 -0.24809
201 361 0.00291621
201 362 -0.00293363
201 363 -0.00385748
201 364 -0.00363618
201 220 -0.00641324
201 218 -0.00194796
201 219 -0.00241094
202 202 0.42431
202 203 -0.28441
202 204 -0.127187
202 222 0.00822613
202 199 0.105027
202 200 0.272396
202 201 -0.24809
202 361 0.00188572
202 362 -0.0119949
202 363 -0.0129925
202 217 -0.00236992
202 220 -0.00358681
202 364 -0.00378424
202 219 -0.00278974
203 203 0.370864
203 199 0.169761
203 200 0.02011
203 201 0.348796
203 202 -0.28441
203 204 -0.0393422
203 222 -0.00116079
203 362 0.00118087
203 363 0.00105287
204 204 0.368306
204 199 0.173604
204 200 -0.381865
204 201 -0.195747
204 202 -0.127187
204 203 -0.0393422
204 361 0.0108119
204 362 0.0172995
204 363 0.0133141
204 364 -0.00671964
204 222 -0.00155055
204 365 -0.00288236
204 366 -0.00198049
204 220 -0.00140901
205 205 0.914214
205 209 0.166715
205 210 0.166101
205 206 0.110049
205 207 -0.0103473
205 208 0.104045
206 206 0.45904
206 209 -0.334156
206 210 -0.0931407
206 205 0.110049
206 207 0.152233
206 208 0.304468
207 207 0.478685
207 209 -0.290255
