K=5 XLBO Coefficients for Variable Timesteps
================================================================================
Normalization: c_4 = 4.0, c_5 = -1.0

History 0: [0.5, 0.5, 0.5, 0.5, 0.5]
  τ: [0.  0.5 1.  1.5 2.  2.5]
  c: [-6. 14. -8. -3.  4. -1.]
  d_K: 0.750000

History 1: [0.5, 0.5, 0.5, 0.5, 1.0]
  τ: [0.  0.5 1.  1.5 2.  3. ]
  c: [ -62.  160. -133.   32.    4.   -1.]
  d_K: 7.000000

History 2: [0.5, 0.5, 0.5, 1.0, 0.5]
  τ: [0.  0.5 1.  1.5 2.5 3. ]
  c: [ 22. -64.  67. -28.   4.  -1.]
  d_K: 2.000000

History 3: [0.5, 0.5, 0.5, 1.0, 1.0]
  τ: [0.  0.5 1.  1.5 2.5 3.5]
  c: [ -98.  245. -192.   42.    4.   -1.]
  d_K: 11.750000

History 4: [0.5, 0.5, 1.0, 0.5, 0.5]
  τ: [0.  0.5 1.  2.  2.5 3. ]
  c: [-1.33333333  1.33333333  1.66666667 -4.66666667  4.         -1.        ]
  d_K: 0.333333

History 5: [0.5, 0.5, 1.0, 0.5, 1.0]
  τ: [0.  0.5 1.  2.  2.5 3.5]
  c: [-63. 147. -94.   7.   4.  -1.]
  d_K: 8.250000

History 6: [0.5, 0.5, 1.0, 1.0, 0.5]
  τ: [0.  0.5 1.  2.  3.  3.5]
  c: [  44.33333333 -110.33333333   79.33333333  -16.33333333    4.
   -1.        ]
  d_K: 5.083333

History 7: [0.5, 0.5, 1.0, 1.0, 1.0]
  τ: [0.  0.5 1.  2.  3.  4. ]
  c: [ -75.66666667  170.66666667 -102.66666667    4.66666667    4.
   -1.        ]
  d_K: 10.666667

History 8: [0.5, 1.0, 0.5, 0.5, 0.5]
  τ: [0.  0.5 1.5 2.  2.5 3. ]
  c: [-1.92857143  3.          0.71428571 -4.78571429  4.         -1.        ]
  d_K: 0.392857

History 9: [0.5, 1.0, 0.5, 0.5, 1.0]
  τ: [0.  0.5 1.5 2.  2.5 3.5]
  c: [-29.42857143  53.         -40.28571429  13.71428571   4.
  -1.        ]
  d_K: 4.892857

History 10: [0.5, 1.0, 0.5, 1.0, 0.5]
  τ: [0.  0.5 1.5 2.  3.  3.5]
  c: [ 16. -31.  34. -22.   4.  -1.]
  d_K: 2.250000

History 11: [0.5, 1.0, 0.5, 1.0, 1.0]
  τ: [0.  0.5 1.5 2.  3.  4. ]
  c: [-39.  68. -44.  12.   4.  -1.]
  d_K: 7.000000

History 12: [0.5, 1.0, 1.0, 0.5, 0.5]
  τ: [0.  0.5 1.5 2.5 3.  3.5]
  c: [ 0.875  -2.125   3.0625 -4.8125  4.     -1.    ]
  d_K: 0.015625

History 13: [0.5, 1.0, 1.0, 0.5, 1.0]
  τ: [0.  0.5 1.5 2.5 3.  4. ]
  c: [-30.75   52.25  -27.125   2.625   4.     -1.   ]
  d_K: 5.781250

History 14: [0.5, 1.0, 1.0, 1.0, 0.5]
  τ: [0.  0.5 1.5 2.5 3.5 4. ]
  c: [ 28.375  -50.625   32.8125 -13.5625   4.      -1.    ]
  d_K: 4.703125

History 15: [0.5, 1.0, 1.0, 1.0, 1.0]
  τ: [0.  0.5 1.5 2.5 3.5 4.5]
  c: [-30.  49. -21.  -1.   4.  -1.]
  d_K: 6.250000

History 16: [1.0, 0.5, 0.5, 0.5, 0.5]
  τ: [0.  1.  1.5 2.  2.5 3. ]
  c: [-0.85714286  3.         -0.57142857 -4.57142857  4.         -1.        ]
  d_K: 0.285714

History 17: [1.0, 0.5, 0.5, 0.5, 1.0]
  τ: [0.  1.  1.5 2.  2.5 3.5]
  c: [-10.5  53.  -63.   17.5   4.   -1. ]
  d_K: 3.000000

History 18: [1.0, 0.5, 0.5, 1.0, 0.5]
  τ: [0.  1.  1.5 2.  3.  3.5]
  c: [  4.92857143 -31.          47.28571429 -24.21428571   4.
  -1.        ]
  d_K: 1.142857

History 19: [1.0, 0.5, 0.5, 1.0, 1.0]
  τ: [0.  1.  1.5 2.  3.  4. ]
  c: [-14.71428571  68.         -73.14285714  16.85714286   4.
  -1.        ]
  d_K: 4.571429

History 20: [1.0, 0.5, 1.0, 0.5, 0.5]
  τ: [0.  1.  1.5 2.5 3.  3.5]
  c: [ 0.08571429 -1.94285714  3.7        -4.84285714  4.         -1.        ]
  d_K: 0.067857

History 21: [1.0, 0.5, 1.0, 0.5, 1.0]
  τ: [0.  1.  1.5 2.5 3.  4. ]
  c: [-11.34285714  47.77142857 -42.8          3.37142857   4.
  -1.        ]
  d_K: 3.728571

History 22: [1.0, 0.5, 1.0, 1.0, 0.5]
  τ: [0.  1.  1.5 2.5 3.5 4. ]
  c: [  9.57142857 -46.28571429  48.         -14.28571429   4.
  -1.        ]
  d_K: 2.714286

History 23: [1.0, 0.5, 1.0, 1.0, 1.0]
  τ: [0.  1.  1.5 2.5 3.5 4.5]
  c: [-11.8  44.8 -35.7  -0.3   4.   -1. ]
  d_K: 4.325000

History 24: [1.0, 1.0, 0.5, 0.5, 0.5]
  τ: [0.  1.  2.  2.5 3.  3.5]
  c: [-0.32539683  0.52380952  2.05555556 -5.25396825  4.         -1.        ]
  d_K: 0.170635

History 25: [1.0, 1.0, 0.5, 0.5, 1.0]
  τ: [0.  1.  2.  2.5 3.  4. ]
  c: [ -6.58730159  19.23809524 -23.77777778   8.12698413   4.
  -1.        ]
  d_K: 2.539683

History 26: [1.0, 1.0, 0.5, 1.0, 0.5]
  τ: [0.  1.  2.  2.5 3.5 4. ]
  c: [  4.23809524 -14.28571429  26.66666667 -19.61904762   4.
  -1.        ]
  d_K: 1.380952

History 27: [1.0, 1.0, 0.5, 1.0, 1.0]
  τ: [0.  1.  2.  2.5 3.5 4.5]
  c: [ -7.83333333  21.         -19.83333333   3.66666667   4.
  -1.        ]
  d_K: 3.333333

History 28: [1.0, 1.0, 1.0, 0.5, 0.5]
  τ: [0.  1.  2.  3.  3.5 4. ]
  c: [ 0.40625  -1.640625  3.0625   -4.828125  4.       -1.      ]
  d_K: 0.078125

History 29: [1.0, 1.0, 1.0, 0.5, 1.0]
  τ: [0.  1.  2.  3.  3.5 4.5]
  c: [ -7.1171875   18.63671875 -15.421875     0.90234375   4.
  -1.        ]
  d_K: 3.089844

History 30: [1.0, 1.0, 1.0, 1.0, 0.5]
  τ: [0.  1.  2.  3.  4.  4.5]
  c: [  7.4765625  -21.72265625  23.515625   -12.26953125   4.
  -1.        ]
  d_K: 2.832031

History 31: [1.0, 1.0, 1.0, 1.0, 1.0]
  τ: [0. 1. 2. 3. 4. 5.]
  c: [-6. 14. -8. -3.  4. -1.]
  d_K: 3.000000

